,ts_code,trade_date,open,high,low,close,pre_close,change,pct_chg,vol,amount
0,000885.SZ,20230420,11.62,11.87,11.57,11.8,11.63,0.17,1.4617,80746.6,94808.964
1,000885.SZ,20230419,11.66,11.73,11.5,11.63,11.59,0.04,0.3451,78849.39,91418.491
2,000885.SZ,20230418,11.39,11.67,11.31,11.59,11.35,0.24,2.1145,121345.61,139816.1
3,000885.SZ,20230417,11.01,11.41,11.01,11.35,11.05,0.3,2.7149,99677.8,112182.75
4,000885.SZ,20230414,11.0,11.07,10.85,11.05,10.98,0.07,0.6375,51450.09,56470.056
5,000885.SZ,20230413,10.98,11.07,10.86,10.98,10.97,0.01,0.0912,41997.06,46016.417
6,000885.SZ,20230412,10.95,11.12,10.91,10.97,10.95,0.02,0.1826,60669.32,66804.5
7,000885.SZ,20230411,10.89,10.96,10.74,10.95,10.88,0.07,0.6434,48171.7,52270.453
8,000885.SZ,20230410,11.04,11.04,10.83,10.88,11.04,-0.16,-1.4493,61671.7,67247.86
9,000885.SZ,20230407,11.14,11.14,11.0,11.04,11.13,-0.09,-0.8086,47037.13,51969.347
10,000885.SZ,20230406,11.15,11.17,11.0,11.13,11.17,-0.04,-0.3581,62082.15,68839.213
11,000885.SZ,20230404,11.0,11.24,10.98,11.17,11.03,0.14,1.2693,75490.71,84162.559
12,000885.SZ,20230403,10.98,11.25,10.98,11.03,10.96,0.07,0.6387,76589.2,84904.9
13,000885.SZ,20230331,10.75,10.99,10.71,10.96,10.77,0.19,1.7642,68713.66,74984.8
14,000885.SZ,20230330,10.78,10.99,10.63,10.77,10.75,0.02,0.186,92763.73,99947.127
15,000885.SZ,20230329,10.63,11.1,10.63,10.75,10.62,0.13,1.2241,98327.3,106574.259
16,000885.SZ,20230328,10.61,10.72,10.6,10.62,10.61,0.01,0.0943,45885.0,48903.925
17,000885.SZ,20230327,10.77,10.82,10.5,10.61,10.79,-0.18,-1.6682,101413.94,107568.682
18,000885.SZ,20230324,11.28,11.34,10.78,10.79,11.28,-0.49,-4.344,150711.64,165286.767
19,000885.SZ,20230323,10.93,11.44,10.9,11.28,10.93,0.35,3.2022,122935.77,138388.318
20,000885.SZ,20230322,10.9,10.99,10.84,10.93,10.87,0.06,0.552,49756.73,54331.537
21,000885.SZ,20230321,10.79,10.87,10.71,10.87,10.71,0.16,1.4939,49290.72,53172.736
22,000885.SZ,20230320,10.87,11.0,10.68,10.71,10.88,-0.17,-1.5625,63384.3,68606.991
23,000885.SZ,20230317,10.78,11.08,10.77,10.88,10.72,0.16,1.4925,73743.93,80745.0
24,000885.SZ,20230316,10.98,11.02,10.62,10.72,10.97,-0.25,-2.2789,58412.41,63182.721
25,000885.SZ,20230315,10.51,11.07,10.5,10.97,10.49,0.48,4.5758,78624.48,85449.544
26,000885.SZ,20230314,10.69,10.74,10.42,10.49,10.75,-0.26,-2.4186,51445.6,54301.936
27,000885.SZ,20230313,10.61,10.76,10.52,10.75,10.64,0.11,1.0338,57348.66,61046.846
28,000885.SZ,20230310,10.88,10.94,10.6,10.64,10.95,-0.31,-2.8311,86697.28,93147.819
29,000885.SZ,20230309,11.08,11.13,10.89,10.95,11.08,-0.13,-1.1733,50895.03,55739.027
30,000885.SZ,20230308,10.92,11.12,10.83,11.08,10.87,0.21,1.9319,64504.68,71029.373
31,000885.SZ,20230307,11.09,11.14,10.82,10.87,11.07,-0.2,-1.8067,61954.2,68052.914
32,000885.SZ,20230306,11.09,11.19,11.03,11.07,11.1,-0.03,-0.2703,42257.8,46867.338
33,000885.SZ,20230303,11.0,11.16,10.98,11.1,10.99,0.11,1.0009,46325.62,51317.195
34,000885.SZ,20230302,11.0,11.07,10.92,10.99,10.98,0.01,0.0911,40201.33,44263.531
35,000885.SZ,20230301,10.88,11.02,10.84,10.98,10.87,0.11,1.012,44633.5,48870.308
36,000885.SZ,20230228,10.93,10.94,10.7,10.87,10.88,-0.01,-0.0919,54736.91,59157.813
37,000885.SZ,20230227,10.95,11.05,10.83,10.88,10.95,-0.07,-0.6393,45696.7,49845.209
38,000885.SZ,20230224,10.99,11.07,10.85,10.95,10.85,0.1,0.9217,59354.06,65019.601
39,000885.SZ,20230223,10.99,11.03,10.8,10.85,11.03,-0.18,-1.6319,56668.12,61730.761
40,000885.SZ,20230222,10.88,11.1,10.84,11.03,10.89,0.14,1.2856,66578.04,73207.138
41,000885.SZ,20230221,10.86,10.9,10.73,10.89,10.83,0.06,0.554,59040.03,63932.975
42,000885.SZ,20230220,10.58,10.85,10.46,10.83,10.51,0.32,3.0447,86894.6,93398.787
43,000885.SZ,20230217,10.46,10.72,10.46,10.51,10.44,0.07,0.6705,56471.13,59674.826
44,000885.SZ,20230216,10.67,10.75,10.37,10.44,10.68,-0.24,-2.2472,71142.43,75296.246
45,000885.SZ,20230215,10.82,10.86,10.65,10.68,10.77,-0.09,-0.8357,48716.65,52283.131
46,000885.SZ,20230214,10.78,10.86,10.71,10.77,10.78,-0.01,-0.0928,37435.4,40296.875
47,000885.SZ,20230213,10.78,10.89,10.71,10.78,10.75,0.03,0.2791,53721.49,57968.349
48,000885.SZ,20230210,10.56,10.83,10.56,10.75,10.58,0.17,1.6068,76138.84,81696.867
49,000885.SZ,20230209,10.48,10.61,10.41,10.58,10.5,0.08,0.7619,40938.67,43176.461
50,000885.SZ,20230208,10.62,10.67,10.48,10.5,10.6,-0.1,-0.9434,41076.5,43403.01
51,000885.SZ,20230207,10.41,10.61,10.4,10.6,10.45,0.15,1.4354,48513.8,51118.76
52,000885.SZ,20230206,10.37,10.55,10.28,10.45,10.36,0.09,0.8687,58471.13,61199.837
53,000885.SZ,20230203,10.33,10.41,10.21,10.36,10.36,0.0,0.0,52579.69,54202.868
54,000885.SZ,20230202,10.41,10.47,10.34,10.36,10.42,-0.06,-0.5758,41043.16,42648.062
55,000885.SZ,20230201,10.38,10.44,10.3,10.42,10.39,0.03,0.2887,51070.85,52922.702
56,000885.SZ,20230131,10.12,10.44,10.12,10.39,10.15,0.24,2.3645,69704.63,72165.181
57,000885.SZ,20230130,10.22,10.3,10.11,10.15,10.06,0.09,0.8946,61989.71,63230.375
58,000885.SZ,20230120,9.93,10.07,9.89,10.06,9.92,0.14,1.4113,37814.82,37872.233
59,000885.SZ,20230119,9.84,9.93,9.79,9.92,9.86,0.06,0.6085,24026.04,23730.734
60,000885.SZ,20230118,9.83,9.88,9.81,9.86,9.83,0.03,0.3052,25468.47,25079.868
61,000885.SZ,20230117,9.83,9.92,9.71,9.83,9.85,-0.02,-0.203,36379.88,35690.644
62,000885.SZ,20230116,9.76,9.87,9.7,9.85,9.78,0.07,0.7157,40623.84,39859.165
63,000885.SZ,20230113,9.53,9.83,9.5,9.78,9.52,0.26,2.7311,66237.78,64454.476
64,000885.SZ,20230112,9.57,9.62,9.48,9.52,9.58,-0.06,-0.6263,25807.2,24615.461
65,000885.SZ,20230111,9.66,9.67,9.56,9.58,9.64,-0.06,-0.6224,23864.65,22941.996
66,000885.SZ,20230110,9.73,9.73,9.59,9.64,9.7,-0.06,-0.6186,31305.95,30138.295
67,000885.SZ,20230109,9.76,9.85,9.68,9.7,9.78,-0.08,-0.818,36957.1,36014.516
68,000885.SZ,20230106,9.74,9.88,9.7,9.78,9.74,0.04,0.4107,45123.97,44180.141
69,000885.SZ,20230105,9.8,9.81,9.69,9.74,9.75,-0.01,-0.1026,39727.97,38691.909
70,000885.SZ,20230104,9.58,9.83,9.58,9.75,9.6,0.15,1.5625,52771.06,51437.256
71,000885.SZ,20230103,9.49,9.66,9.46,9.6,9.47,0.13,1.3728,47747.6,45711.94
72,000885.SZ,20221230,9.5,9.5,9.33,9.47,9.36,0.11,1.1752,34794.3,32782.466
73,000885.SZ,20221229,9.43,9.43,9.3,9.36,9.43,-0.07,-0.7423,34063.84,31899.278
74,000885.SZ,20221228,9.51,9.58,9.4,9.43,9.55,-0.12,-1.2565,34433.7,32576.37
75,000885.SZ,20221227,9.49,9.57,9.47,9.55,9.47,0.08,0.8448,45253.2,43118.575
76,000885.SZ,20221226,9.43,9.49,9.38,9.47,9.45,0.02,0.2116,41081.13,38763.466
77,000885.SZ,20221223,9.44,9.57,9.36,9.45,9.48,-0.03,-0.3165,41762.3,39498.131
78,000885.SZ,20221222,9.77,9.88,9.41,9.48,9.74,-0.26,-2.6694,60647.47,58216.664
79,000885.SZ,20221221,9.87,9.89,9.71,9.74,9.83,-0.09,-0.9156,30946.1,30308.665
80,000885.SZ,20221220,9.8,9.88,9.68,9.83,9.77,0.06,0.6141,51345.02,50236.251
81,000885.SZ,20221219,10.29,10.33,9.73,9.77,10.29,-0.52,-5.0534,92345.56,91673.112
82,000885.SZ,20221216,10.3,10.4,10.23,10.29,10.37,-0.08,-0.7715,45033.1,46354.353
83,000885.SZ,20221215,10.42,10.48,10.33,10.37,10.43,-0.06,-0.5753,41694.56,43260.082
84,000885.SZ,20221214,10.49,10.59,10.4,10.43,10.51,-0.08,-0.7612,40023.0,41841.319
85,000885.SZ,20221213,10.43,10.64,10.43,10.51,10.46,0.05,0.478,46222.62,48810.033
86,000885.SZ,20221212,10.56,10.6,10.44,10.46,10.6,-0.14,-1.3208,41357.07,43400.871
87,000885.SZ,20221209,10.62,10.67,10.45,10.6,10.62,-0.02,-0.1883,55949.57,58977.409
88,000885.SZ,20221208,10.54,10.69,10.47,10.62,10.53,0.09,0.8547,51469.52,54553.983
89,000885.SZ,20221207,10.55,10.63,10.43,10.53,10.56,-0.03,-0.2841,47590.91,50097.773
90,000885.SZ,20221206,10.7,10.7,10.5,10.56,10.63,-0.07,-0.6585,50265.79,53121.619
91,000885.SZ,20221205,10.44,10.67,10.42,10.63,10.41,0.22,2.1134,69477.58,73439.855
92,000885.SZ,20221202,10.42,10.44,10.3,10.41,10.38,0.03,0.289,51154.86,53048.367
93,000885.SZ,20221201,10.49,10.54,10.35,10.38,10.39,-0.01,-0.0962,59635.8,62181.296
94,000885.SZ,20221130,10.47,10.56,10.36,10.39,10.45,-0.06,-0.5742,55472.25,58017.537
95,000885.SZ,20221129,10.34,10.49,10.31,10.45,10.35,0.1,0.9662,64197.87,66891.174
96,000885.SZ,20221128,10.16,10.4,10.06,10.35,10.27,0.08,0.779,53749.38,55059.946
97,000885.SZ,20221125,10.26,10.39,10.18,10.27,10.28,-0.01,-0.0973,58148.8,59811.063
98,000885.SZ,20221124,10.38,10.42,10.18,10.28,10.36,-0.08,-0.7722,59423.65,61075.254
99,000885.SZ,20221123,10.2,10.51,10.16,10.36,10.17,0.19,1.8682,98259.37,102004.929
100,000885.SZ,20221122,10.08,10.33,10.04,10.17,10.12,0.05,0.4941,75424.94,76711.487
101,000885.SZ,20221121,9.96,10.13,9.82,10.12,10.02,0.1,0.998,53305.11,53404.367
102,000885.SZ,20221118,10.16,10.2,10.01,10.02,10.17,-0.15,-1.4749,60464.7,61075.128
103,000885.SZ,20221117,10.13,10.22,9.98,10.17,10.13,0.04,0.3949,70635.23,71537.381
104,000885.SZ,20221116,10.25,10.28,10.09,10.13,10.2,-0.07,-0.6863,63775.9,64668.618
105,000885.SZ,20221115,10.05,10.22,9.98,10.2,10.09,0.11,1.0902,69429.58,70378.479
106,000885.SZ,20221114,10.12,10.32,10.03,10.09,10.09,0.0,0.0,69169.72,70298.11
107,000885.SZ,20221111,10.15,10.24,10.06,10.09,9.97,0.12,1.2036,77036.01,78141.63
108,000885.SZ,20221110,9.98,10.04,9.86,9.97,10.05,-0.08,-0.796,41129.08,40962.336
109,000885.SZ,20221109,9.99,10.09,9.98,10.05,9.98,0.07,0.7014,40529.21,40636.239
110,000885.SZ,20221108,10.06,10.12,9.86,9.98,10.07,-0.09,-0.8937,71066.85,70677.576
111,000885.SZ,20221107,9.98,10.25,9.94,10.07,10.0,0.07,0.7,103998.55,104947.102
112,000885.SZ,20221104,9.51,10.08,9.46,10.0,9.47,0.53,5.5966,178970.75,175866.692
113,000885.SZ,20221103,9.48,9.62,9.43,9.47,9.56,-0.09,-0.9414,88841.38,84501.648
114,000885.SZ,20221102,9.45,9.62,9.42,9.56,9.52,0.04,0.4202,118748.1,113096.353
115,000885.SZ,20221101,9.44,9.59,9.33,9.52,9.53,-0.01,-0.1049,149495.62,141165.825
116,000885.SZ,20221031,9.96,10.0,9.53,9.53,10.59,-1.06,-10.0094,188581.8,181981.388
117,000885.SZ,20221028,10.82,11.08,10.54,10.59,10.81,-0.22,-2.0352,98514.1,106146.394
118,000885.SZ,20221027,10.75,10.99,10.74,10.81,10.74,0.07,0.6518,53076.44,57641.409
119,000885.SZ,20221026,10.67,10.83,10.56,10.74,10.63,0.11,1.0348,78170.34,83664.563
120,000885.SZ,20221025,10.95,11.0,10.52,10.63,10.93,-0.3,-2.7447,117926.1,126673.821
121,000885.SZ,20221024,11.18,11.28,10.93,10.93,11.11,-0.18,-1.6202,67494.23,75005.109
122,000885.SZ,20221021,11.29,11.34,11.05,11.11,11.21,-0.1,-0.8921,62166.0,69717.824
123,000885.SZ,20221020,11.71,11.78,11.18,11.21,11.72,-0.51,-4.3515,123915.7,140976.272
124,000885.SZ,20221019,11.83,11.99,11.68,11.72,11.92,-0.2,-1.6779,104738.14,123718.282
125,000885.SZ,20221018,11.4,12.17,11.37,11.92,11.32,0.6,5.3004,182476.57,216168.047
126,000885.SZ,20221017,11.6,11.67,11.21,11.32,11.5,-0.18,-1.5652,100654.95,114109.989
127,000885.SZ,20221014,11.0,11.77,10.96,11.5,10.84,0.66,6.0886,139018.01,158190.288
128,000885.SZ,20221013,11.1,11.16,10.84,10.84,11.18,-0.34,-3.0411,73397.75,80639.32
129,000885.SZ,20221012,11.2,11.2,10.89,11.18,11.17,0.01,0.0895,61700.2,68055.178
130,000885.SZ,20221011,11.19,11.22,10.83,11.17,11.12,0.05,0.4496,60590.13,66826.453
131,000885.SZ,20221010,10.95,11.4,10.91,11.12,11.0,0.12,1.0909,79521.79,88941.361
132,000885.SZ,20220930,11.16,11.28,11.0,11.0,11.16,-0.16,-1.4337,63826.4,71044.057
133,000885.SZ,20220929,11.3,11.37,11.1,11.16,11.18,-0.02,-0.1789,75503.89,84541.272
134,000885.SZ,20220928,11.7,11.73,11.15,11.18,11.75,-0.57,-4.8511,91349.46,104167.149
135,000885.SZ,20220927,11.23,11.77,11.13,11.75,11.18,0.57,5.0984,114549.71,131566.727
136,000885.SZ,20220926,11.4,11.47,11.16,11.18,11.38,-0.2,-1.7575,94158.92,106683.338
137,000885.SZ,20220923,11.83,11.95,11.38,11.38,11.8,-0.42,-3.5593,112780.83,130396.733
138,000885.SZ,20220922,11.77,11.93,11.7,11.8,11.87,-0.07,-0.5897,67972.12,80214.425
139,000885.SZ,20220921,11.9,12.08,11.78,11.87,11.86,0.01,0.0843,75261.32,89725.547
140,000885.SZ,20220920,12.05,12.08,11.7,11.86,12.01,-0.15,-1.249,89138.03,105435.083
141,000885.SZ,20220919,11.51,12.06,11.41,12.01,11.52,0.49,4.2535,143186.19,170358.635
142,000885.SZ,20220916,11.78,11.9,11.45,11.52,11.78,-0.26,-2.2071,94066.45,109539.284
143,000885.SZ,20220915,12.07,12.1,11.57,11.78,12.03,-0.25,-2.0781,96836.16,114179.765
144,000885.SZ,20220914,11.79,12.15,11.63,12.03,11.82,0.21,1.7766,113540.47,135561.797
145,000885.SZ,20220913,11.85,12.1,11.79,11.82,11.8,0.02,0.1695,66786.6,79496.964
146,000885.SZ,20220909,11.88,12.07,11.8,11.8,11.95,-0.15,-1.2552,52968.24,62868.821
147,000885.SZ,20220908,12.05,12.2,11.55,11.95,12.0,-0.05,-0.4167,69533.27,82833.529
148,000885.SZ,20220907,12.03,12.28,11.89,12.0,12.01,-0.01,-0.0833,109052.56,131512.363
149,000885.SZ,20220906,11.95,12.03,11.78,12.01,11.97,0.04,0.3342,75772.71,90417.776
150,000885.SZ,20220905,11.78,12.05,11.71,11.97,11.79,0.18,1.5267,84943.29,101124.456
151,000885.SZ,20220902,11.86,12.09,11.69,11.79,11.92,-0.13,-1.0906,94246.58,111273.764
152,000885.SZ,20220901,11.67,12.05,11.6,11.92,11.52,0.4,3.4722,142298.11,168392.413
153,000885.SZ,20220831,11.92,12.02,11.47,11.52,12.0,-0.48,-4.0,183972.37,214069.771
154,000885.SZ,20220830,12.09,12.35,11.95,12.0,12.12,-0.12,-0.9901,192731.15,233709.586
155,000885.SZ,20220829,12.32,12.5,11.93,12.12,12.68,-0.56,-4.4164,316478.11,384345.526
156,000885.SZ,20220826,11.93,12.98,11.81,12.68,11.8,0.88,7.4576,471807.81,599088.983
157,000885.SZ,20220825,11.81,12.48,11.59,11.8,11.63,0.17,1.4617,245887.82,293216.867
158,000885.SZ,20220824,11.71,11.94,11.38,11.63,10.85,0.78,7.1889,365666.61,425825.103
159,000885.SZ,20220823,10.7,10.86,10.53,10.85,10.76,0.09,0.8364,71110.85,75918.182
160,000885.SZ,20220822,10.61,10.86,10.53,10.76,10.63,0.13,1.223,96514.77,103333.84
161,000885.SZ,20220819,10.33,10.8,10.32,10.63,10.31,0.32,3.1038,115035.38,122182.72
162,000885.SZ,20220818,10.48,10.48,10.28,10.31,10.46,-0.15,-1.434,54874.26,56706.519
163,000885.SZ,20220817,10.4,10.49,10.36,10.46,10.43,0.03,0.2876,51281.36,53378.526
164,000885.SZ,20220816,10.35,10.48,10.29,10.43,10.36,0.07,0.6757,59603.72,61907.849
165,000885.SZ,20220815,10.36,10.41,10.21,10.36,10.34,0.02,0.1934,52599.2,54148.667
166,000885.SZ,20220812,10.22,10.45,10.15,10.34,10.24,0.1,0.9766,80731.61,83516.878
167,000885.SZ,20220811,9.99,10.29,9.99,10.24,9.97,0.27,2.7081,103250.55,105061.84
168,000885.SZ,20220810,9.95,10.02,9.83,9.97,9.95,0.02,0.201,54467.4,54070.408
169,000885.SZ,20220809,9.88,10.02,9.88,9.95,9.93,0.02,0.2014,69974.0,69633.318
170,000885.SZ,20220808,9.86,10.01,9.8,9.93,9.88,0.05,0.5061,61187.37,60673.249
171,000885.SZ,20220805,9.93,9.97,9.79,9.88,9.93,-0.05,-0.5035,68933.0,67962.625
172,000885.SZ,20220804,9.86,10.06,9.73,9.93,9.83,0.1,1.0173,63980.9,63038.079
173,000885.SZ,20220803,9.95,10.26,9.6,9.83,9.88,-0.05,-0.5061,105863.64,106001.624
174,000885.SZ,20220802,10.4,10.4,9.6,9.88,10.5,-0.62,-5.9048,157421.96,156638.565
175,000885.SZ,20220801,10.41,10.6,10.32,10.5,10.61,-0.11,-1.0368,110338.23,114781.434
176,000885.SZ,20220729,10.81,10.95,10.5,10.61,10.8,-0.19,-1.7593,159371.98,170221.931
177,000885.SZ,20220728,11.03,11.09,10.66,10.8,10.91,-0.11,-1.0082,197984.47,213295.785
178,000885.SZ,20220727,11.17,11.18,10.87,10.91,11.14,-0.23,-2.0646,182639.05,200589.381
179,000885.SZ,20220726,10.96,11.24,10.8,11.14,11.36,-0.22,-1.9366,375352.52,414487.957
180,000885.SZ,20220725,11.4,12.18,11.34,11.36,11.07,0.29,2.6197,596023.67,704632.678
181,000885.SZ,20220722,10.41,11.07,10.3,11.07,10.06,1.01,10.0398,163871.64,178693.815
182,000885.SZ,20220721,10.29,10.29,10.06,10.06,10.23,-0.17,-1.6618,94627.15,95799.313
183,000885.SZ,20220720,10.41,10.43,10.14,10.23,10.39,-0.16,-1.5399,136725.38,139973.121
184,000885.SZ,20220719,10.42,10.71,10.23,10.39,10.36,0.03,0.2896,203387.42,213210.668
185,000885.SZ,20220718,9.92,10.86,9.92,10.36,9.89,0.47,4.7523,238092.08,248417.641
186,000885.SZ,20220715,9.77,10.26,9.77,9.89,9.89,0.0,0.0,170714.86,170443.033
187,000885.SZ,20220714,10.14,10.17,9.82,9.89,10.46,-0.57,-5.4493,298665.8,297349.993
188,000885.SZ,20220713,9.66,10.46,9.53,10.46,9.51,0.95,9.9895,368445.8,374703.751
189,000885.SZ,20220712,9.43,9.93,9.38,9.51,9.25,0.26,2.8108,153865.1,148202.356
190,000885.SZ,20220711,9.14,9.27,9.12,9.25,9.14,0.11,1.2035,51381.55,47261.226
191,000885.SZ,20220708,9.17,9.21,9.13,9.14,9.14,0.0,0.0,23623.45,21650.96
192,000885.SZ,20220707,9.17,9.21,9.11,9.14,9.14,0.0,0.0,25174.0,23060.992
193,000885.SZ,20220706,9.32,9.32,9.06,9.14,9.34,-0.2,-2.1413,45505.97,41659.12
194,000885.SZ,20220705,9.34,9.44,9.25,9.34,9.34,0.0,0.0,43796.8,40912.388
195,000885.SZ,20220704,9.33,9.35,9.25,9.34,9.34,0.0,0.0,43245.22,40234.216
196,000885.SZ,20220701,9.31,9.39,9.21,9.34,9.3,0.04,0.4301,45884.87,42747.071
197,000885.SZ,20220630,9.23,9.34,9.2,9.3,9.18,0.12,1.3072,44212.52,41002.353
198,000885.SZ,20220629,9.33,9.33,9.18,9.18,9.3,-0.12,-1.2903,39069.5,36165.247
199,000885.SZ,20220628,9.12,9.35,9.1,9.3,9.1,0.2,2.1978,63947.21,59116.062
200,000885.SZ,20220627,9.13,9.15,9.06,9.1,9.1,0.0,0.0,42832.14,38954.734
201,000885.SZ,20220624,9.03,9.1,8.99,9.1,9.06,0.04,0.4415,28889.67,26149.041
202,000885.SZ,20220623,9.0,9.07,8.89,9.06,8.99,0.07,0.7786,32082.61,28806.123
203,000885.SZ,20220622,9.11,9.12,8.99,8.99,9.11,-0.12,-1.3172,28640.7,25913.155
204,000885.SZ,20220621,9.09,9.18,9.07,9.11,9.12,-0.01,-0.1096,38698.16,35310.505
205,000885.SZ,20220620,9.1,9.2,9.06,9.12,9.06,0.06,0.6623,39047.68,35585.789
206,000885.SZ,20220617,9.25,9.26,9.05,9.21,9.29,-0.08,-0.8611,52998.09,48513.255
207,000885.SZ,20220616,9.41,9.45,9.27,9.29,9.41,-0.12,-1.2752,49594.32,46274.826
208,000885.SZ,20220615,9.29,9.52,9.22,9.41,9.25,0.16,1.7297,75060.19,70620.383
209,000885.SZ,20220614,9.13,9.26,8.97,9.25,9.23,0.02,0.2167,47100.49,42923.609
210,000885.SZ,20220613,9.35,9.35,9.16,9.23,9.39,-0.16,-1.7039,49467.7,45692.008
211,000885.SZ,20220610,9.3,9.44,9.25,9.39,9.29,0.1,1.0764,32583.01,30536.491
212,000885.SZ,20220609,9.39,9.46,9.26,9.29,9.4,-0.11,-1.1702,38305.73,35834.452
213,000885.SZ,20220608,9.58,9.58,9.27,9.4,9.56,-0.16,-1.6736,60587.18,57022.611
214,000885.SZ,20220607,9.53,9.58,9.39,9.56,9.54,0.02,0.2096,42856.68,40641.889
215,000885.SZ,20220606,9.46,9.56,9.41,9.54,9.48,0.06,0.6329,45541.18,43205.192
216,000885.SZ,20220602,9.55,9.56,9.38,9.48,9.53,-0.05,-0.5247,43492.24,41115.157
217,000885.SZ,20220601,9.56,9.61,9.38,9.53,9.58,-0.05,-0.5219,43262.12,41135.623
218,000885.SZ,20220531,9.65,9.72,9.53,9.58,9.71,-0.13,-1.3388,61674.78,59252.359
219,000885.SZ,20220530,9.51,9.77,9.48,9.71,9.39,0.32,3.4079,91819.9,88779.056
220,000885.SZ,20220527,9.37,9.42,9.31,9.39,9.36,0.03,0.3205,44282.17,41497.664
221,000885.SZ,20220526,9.19,9.44,9.15,9.36,9.15,0.21,2.2951,63416.18,59248.431
222,000885.SZ,20220525,8.93,9.16,8.93,9.15,8.93,0.22,2.4636,39338.01,35724.853
223,000885.SZ,20220524,9.26,9.31,8.93,8.93,9.28,-0.35,-3.7716,48151.98,43748.245
224,000885.SZ,20220523,9.24,9.35,9.24,9.28,9.27,0.01,0.1079,38410.78,35658.801
225,000885.SZ,20220520,9.1,9.28,9.07,9.27,9.1,0.17,1.8681,45345.53,41743.731
226,000885.SZ,20220519,9.07,9.11,9.0,9.1,9.16,-0.06,-0.655,32272.56,29216.316
227,000885.SZ,20220518,9.19,9.23,9.11,9.16,9.18,-0.02,-0.2179,26681.83,24458.316
228,000885.SZ,20220517,9.37,9.37,9.13,9.18,9.31,-0.13,-1.3963,31745.63,29141.713
229,000885.SZ,20220516,9.27,9.33,9.21,9.31,9.26,0.05,0.54,42348.94,39241.945
230,000885.SZ,20220513,9.28,9.32,9.19,9.26,9.25,0.01,0.1081,32628.82,30191.442
231,000885.SZ,20220512,9.12,9.3,9.09,9.25,9.16,0.09,0.9825,33677.79,30972.325
232,000885.SZ,20220511,9.34,9.39,9.16,9.16,9.31,-0.15,-1.6112,51625.75,47947.224
233,000885.SZ,20220510,9.08,9.35,9.03,9.31,9.16,0.15,1.6376,39988.34,36851.48
234,000885.SZ,20220509,8.94,9.26,8.94,9.16,8.98,0.18,2.0045,36623.46,33556.71
235,000885.SZ,20220506,8.94,9.06,8.9,8.98,9.12,-0.14,-1.5351,42523.2,38205.393
236,000885.SZ,20220505,9.15,9.18,8.96,9.12,9.11,0.01,0.1098,59487.59,54074.61
237,000885.SZ,20220429,8.74,9.15,8.74,9.11,8.56,0.55,6.4252,71272.9,64046.91
238,000885.SZ,20220428,8.6,8.69,8.45,8.56,8.65,-0.09,-1.0405,43778.93,37484.111
239,000885.SZ,20220427,8.31,8.66,8.15,8.65,8.41,0.24,2.8537,76827.1,64621.421
240,000885.SZ,20220426,8.67,8.73,8.41,8.41,8.58,-0.17,-1.9814,50143.53,42787.065
241,000885.SZ,20220425,9.25,9.25,8.55,8.58,9.32,-0.74,-7.9399,78426.88,69314.004
242,000885.SZ,20220422,9.21,9.38,9.1,9.32,9.24,0.08,0.8658,38801.51,35942.089
243,000885.SZ,20220421,9.62,9.67,9.23,9.24,9.68,-0.44,-4.5455,75364.61,70881.168
244,000885.SZ,20220420,9.75,9.83,9.59,9.68,9.75,-0.07,-0.7179,49439.0,48015.135
245,000885.SZ,20220419,9.6,9.87,9.59,9.75,9.66,0.09,0.9317,53428.98,52010.639
246,000885.SZ,20220418,9.71,9.72,9.49,9.66,9.75,-0.09,-0.9231,66319.18,63843.669
247,000885.SZ,20220415,9.95,10.07,9.73,9.75,10.02,-0.27,-2.6946,71088.88,70362.28
248,000885.SZ,20220414,10.0,10.15,9.95,10.02,9.95,0.07,0.7035,62670.0,62969.876
249,000885.SZ,20220413,10.1,10.1,9.93,9.95,10.1,-0.15,-1.4851,66774.81,66766.259
250,000885.SZ,20220412,9.86,10.11,9.64,10.1,9.79,0.31,3.1665,85300.54,84356.521
251,000885.SZ,20220411,9.99,10.19,9.76,9.79,9.93,-0.14,-1.4099,93574.38,93572.971
252,000885.SZ,20220408,9.97,9.98,9.7,9.93,9.85,0.08,0.8122,53890.94,53057.224
253,000885.SZ,20220407,10.14,10.14,9.85,9.85,10.15,-0.3,-2.9557,57965.89,57830.844
254,000885.SZ,20220406,9.96,10.21,9.9,10.15,9.96,0.19,1.9076,69376.42,69991.484
255,000885.SZ,20220401,9.88,9.97,9.83,9.96,9.94,0.02,0.2012,52631.73,52087.729
256,000885.SZ,20220331,9.91,10.13,9.91,9.94,10.02,-0.08,-0.7984,71285.1,71290.275
257,000885.SZ,20220330,9.94,10.02,9.84,10.02,9.88,0.14,1.417,55596.61,55272.42
258,000885.SZ,20220329,9.87,9.94,9.77,9.88,9.87,0.01,0.1013,38785.06,38187.034
259,000885.SZ,20220328,9.69,9.99,9.68,9.87,9.73,0.14,1.4388,55674.68,54737.509
260,000885.SZ,20220325,9.72,9.86,9.68,9.73,9.71,0.02,0.206,45895.48,44803.663
261,000885.SZ,20220324,9.73,9.94,9.64,9.71,9.8,-0.09,-0.9184,73202.69,71503.689
262,000885.SZ,20220323,9.8,9.85,9.71,9.8,9.77,0.03,0.3071,47450.6,46429.359
263,000885.SZ,20220322,9.75,9.88,9.68,9.77,9.75,0.02,0.2051,43666.77,42675.57
264,000885.SZ,20220321,9.81,9.84,9.63,9.75,9.81,-0.06,-0.6116,58744.6,57249.505
265,000885.SZ,20220318,9.52,9.85,9.51,9.81,9.62,0.19,1.9751,70028.6,68140.567
266,000885.SZ,20220317,9.68,9.78,9.58,9.62,9.59,0.03,0.3128,75929.75,73337.826
267,000885.SZ,20220316,9.46,9.71,9.27,9.59,9.32,0.27,2.897,114608.94,108951.388
268,000885.SZ,20220315,9.91,9.98,9.31,9.32,10.02,-0.7,-6.986,112248.04,107663.41
269,000885.SZ,20220314,10.39,10.42,10.01,10.02,10.47,-0.45,-4.298,79077.63,80565.812
270,000885.SZ,20220311,10.48,10.58,10.15,10.47,10.61,-0.14,-1.3195,87456.93,90498.515
271,000885.SZ,20220310,10.52,10.8,10.52,10.61,10.38,0.23,2.2158,92429.74,98621.851
272,000885.SZ,20220309,10.55,10.7,9.99,10.38,10.47,-0.09,-0.8596,81243.47,84308.898
273,000885.SZ,20220308,10.82,10.89,10.46,10.47,10.83,-0.36,-3.3241,58063.57,61799.004
274,000885.SZ,20220307,10.97,11.07,10.8,10.83,10.97,-0.14,-1.2762,56548.17,61839.446
275,000885.SZ,20220304,11.21,11.21,10.94,10.97,11.22,-0.25,-2.2282,69585.24,76719.416
276,000885.SZ,20220303,11.18,11.26,11.11,11.22,11.13,0.09,0.8086,57621.47,64427.536
277,000885.SZ,20220302,10.86,11.32,10.84,11.13,11.0,0.13,1.1818,73225.7,81485.948
278,000885.SZ,20220301,10.93,11.17,10.88,11.0,10.9,0.1,0.9174,58986.5,64851.262
279,000885.SZ,20220228,11.01,11.11,10.78,10.9,10.99,-0.09,-0.8189,56314.21,61298.542
280,000885.SZ,20220225,11.2,11.37,10.95,10.99,11.12,-0.13,-1.1691,78498.97,87311.698
281,000885.SZ,20220224,11.5,11.5,10.96,11.12,11.47,-0.35,-3.0514,84645.08,94939.536
282,000885.SZ,20220223,11.51,11.64,11.36,11.47,11.45,0.02,0.1747,71757.97,82440.168
283,000885.SZ,20220222,11.65,11.65,11.36,11.45,11.67,-0.22,-1.8852,67123.16,76862.616
284,000885.SZ,20220221,11.85,11.85,11.53,11.67,11.88,-0.21,-1.7677,89222.61,103713.997
285,000885.SZ,20220218,11.5,11.97,11.41,11.88,11.58,0.3,2.5907,118039.8,139364.972
286,000885.SZ,20220217,11.45,11.82,11.4,11.58,11.44,0.14,1.2238,93789.51,109226.268
287,000885.SZ,20220216,11.4,11.56,11.36,11.44,11.31,0.13,1.1494,46956.4,53716.181
288,000885.SZ,20220215,11.4,11.5,11.25,11.31,11.46,-0.15,-1.3089,52610.09,59650.349
289,000885.SZ,20220214,11.55,11.65,11.38,11.46,11.64,-0.18,-1.5464,74879.41,85967.233
290,000885.SZ,20220211,12.0,12.0,11.58,11.64,11.82,-0.18,-1.5228,87402.71,102288.25
291,000885.SZ,20220210,11.61,12.1,11.6,11.82,11.58,0.24,2.0725,117662.76,139584.077
292,000885.SZ,20220209,11.24,11.82,11.15,11.58,11.25,0.33,2.9333,114496.71,132277.33
293,000885.SZ,20220208,10.6,11.28,10.6,11.25,10.61,0.64,6.032,109513.37,121350.479
294,000885.SZ,20220207,10.47,10.66,10.32,10.61,10.27,0.34,3.3106,53157.66,55879.975
295,000885.SZ,20220128,10.3,10.45,10.05,10.27,10.07,0.2,1.9861,62020.86,63752.935
296,000885.SZ,20220127,10.35,10.35,10.07,10.07,10.35,-0.28,-2.7053,43773.1,44508.618
297,000885.SZ,20220126,10.2,10.48,10.16,10.35,10.1,0.25,2.4752,45770.87,47286.386
298,000885.SZ,20220125,10.57,10.64,10.06,10.1,10.54,-0.44,-4.1746,69778.96,71934.49
299,000885.SZ,20220124,10.95,11.0,10.3,10.54,11.07,-0.53,-4.7877,95601.11,101143.82
300,000885.SZ,20220121,11.09,11.19,10.85,11.07,10.9,0.17,1.5596,66613.21,73421.869
301,000885.SZ,20220120,11.26,11.53,10.88,10.9,11.21,-0.31,-2.7654,106302.95,118614.999
302,000885.SZ,20220119,11.08,11.35,11.02,11.21,11.05,0.16,1.448,51176.92,57350.723
303,000885.SZ,20220118,11.0,11.11,10.92,11.05,11.04,0.01,0.0906,40500.04,44649.566
304,000885.SZ,20220117,11.1,11.17,10.96,11.04,11.01,0.03,0.2725,36492.02,40296.656
305,000885.SZ,20220114,11.37,11.38,10.96,11.01,11.38,-0.37,-3.2513,61563.3,68475.039
306,000885.SZ,20220113,11.35,11.48,11.27,11.38,11.33,0.05,0.4413,43275.43,49223.04
307,000885.SZ,20220112,11.29,11.41,11.16,11.33,11.29,0.04,0.3543,47993.31,54161.377
308,000885.SZ,20220111,11.21,11.48,11.21,11.29,11.26,0.03,0.2664,39815.3,45156.654
309,000885.SZ,20220110,11.14,11.35,11.13,11.26,11.2,0.06,0.5357,44826.7,50356.944
310,000885.SZ,20220107,11.38,11.5,11.19,11.2,11.38,-0.18,-1.5817,64860.99,73582.044
311,000885.SZ,20220106,11.25,11.52,11.2,11.38,11.2,0.18,1.6071,79153.44,89904.632
312,000885.SZ,20220105,11.32,11.68,11.05,11.2,11.2,0.0,0.0,115504.64,131150.232
313,000885.SZ,20220104,10.7,11.3,10.61,11.2,10.6,0.6,5.6604,160585.12,176887.999
314,000885.SZ,20211231,10.57,10.73,10.52,10.6,10.53,0.07,0.6648,50555.99,53692.147
315,000885.SZ,20211230,10.41,10.53,10.35,10.53,10.37,0.16,1.5429,38834.9,40668.622
316,000885.SZ,20211229,10.39,10.47,10.32,10.37,10.36,0.01,0.0965,28222.8,29315.874
317,000885.SZ,20211228,10.46,10.49,10.33,10.36,10.46,-0.1,-0.956,33853.82,35116.573
318,000885.SZ,20211227,10.36,10.52,10.32,10.46,10.36,0.1,0.9653,27940.75,29136.993
319,000885.SZ,20211224,10.55,10.58,10.33,10.36,10.54,-0.18,-1.7078,49901.34,51927.178
320,000885.SZ,20211223,10.65,10.68,10.51,10.54,10.69,-0.15,-1.4032,49511.7,52361.011
321,000885.SZ,20211222,10.71,10.75,10.56,10.69,10.68,0.01,0.0936,57181.8,60859.253
322,000885.SZ,20211221,10.33,10.92,10.3,10.68,10.27,0.41,3.9922,141397.8,151320.707
323,000885.SZ,20211220,10.46,10.48,10.24,10.27,10.45,-0.18,-1.7225,41898.5,43289.756
324,000885.SZ,20211217,10.39,10.54,10.3,10.45,10.39,0.06,0.5775,45470.8,47493.85
325,000885.SZ,20211216,10.38,10.52,10.36,10.39,10.37,0.02,0.1929,48549.94,50586.554
326,000885.SZ,20211215,10.31,10.43,10.26,10.37,10.3,0.07,0.6796,33115.97,34331.227
327,000885.SZ,20211214,10.57,10.58,10.23,10.3,10.55,-0.25,-2.3697,60142.53,62140.784
328,000885.SZ,20211213,10.59,10.68,10.51,10.55,10.56,-0.01,-0.0947,36906.71,39055.292
329,000885.SZ,20211210,10.61,10.61,10.46,10.56,10.66,-0.1,-0.9381,48123.0,50614.183
330,000885.SZ,20211209,10.66,10.72,10.6,10.66,10.66,0.0,0.0,33865.84,36049.905
331,000885.SZ,20211208,10.67,10.72,10.55,10.66,10.67,-0.01,-0.0937,46430.6,49407.42
332,000885.SZ,20211207,10.75,10.87,10.54,10.67,10.61,0.06,0.5655,54595.0,58353.646
333,000885.SZ,20211206,10.83,11.05,10.61,10.61,10.83,-0.22,-2.0314,64253.9,69473.899
334,000885.SZ,20211203,10.66,10.85,10.57,10.83,10.65,0.18,1.6901,63755.16,68535.443
335,000885.SZ,20211202,10.79,10.82,10.59,10.65,10.65,0.0,0.0,46806.68,50020.168
336,000885.SZ,20211201,10.55,10.73,10.53,10.65,10.53,0.12,1.1396,43488.36,46283.063
337,000885.SZ,20211130,10.35,10.55,10.35,10.53,10.3,0.23,2.233,50710.17,53133.505
338,000885.SZ,20211129,10.48,10.49,10.26,10.3,10.62,-0.32,-3.0132,51668.1,53517.802
339,000885.SZ,20211126,10.62,10.68,10.51,10.62,10.66,-0.04,-0.3752,32882.31,34882.353
340,000885.SZ,20211125,10.66,10.8,10.54,10.66,10.73,-0.07,-0.6524,45541.1,48542.622
341,000885.SZ,20211124,10.68,10.81,10.56,10.73,10.7,0.03,0.2804,48586.81,51865.227
342,000885.SZ,20211123,10.7,10.87,10.66,10.7,10.87,-0.17,-1.5639,62058.43,66660.716
343,000885.SZ,20211122,10.28,10.99,10.26,10.87,10.26,0.61,5.9454,140785.87,151039.193
344,000885.SZ,20211119,10.07,10.3,10.01,10.26,10.14,0.12,1.1834,46844.61,47495.835
345,000885.SZ,20211118,10.27,10.34,10.14,10.14,10.27,-0.13,-1.2658,32497.91,33226.513
346,000885.SZ,20211117,10.25,10.31,10.21,10.27,10.24,0.03,0.293,28254.73,29001.833
347,000885.SZ,20211116,10.39,10.44,10.24,10.24,10.39,-0.15,-1.4437,26642.37,27521.443
348,000885.SZ,20211115,10.43,10.44,10.25,10.39,10.45,-0.06,-0.5742,33098.45,34243.134
349,000885.SZ,20211112,10.4,10.48,10.32,10.45,10.42,0.03,0.2879,32524.3,33832.182
350,000885.SZ,20211111,10.26,10.5,10.25,10.42,10.33,0.09,0.8712,34454.3,35888.489
351,000885.SZ,20211110,10.29,10.4,10.23,10.33,10.35,-0.02,-0.1932,30908.4,31876.944
352,000885.SZ,20211109,10.46,10.62,10.34,10.35,10.41,-0.06,-0.5764,44216.1,46294.862
353,000885.SZ,20211108,10.23,10.67,10.2,10.41,10.21,0.2,1.9589,74743.48,78165.436
354,000885.SZ,20211105,10.18,10.38,9.95,10.21,10.19,0.02,0.1963,70149.26,71169.583
355,000885.SZ,20211104,10.21,10.25,10.14,10.19,10.18,0.01,0.0982,29059.02,29581.845
356,000885.SZ,20211103,10.05,10.24,10.02,10.18,10.04,0.14,1.3944,34592.16,35120.848
357,000885.SZ,20211102,10.21,10.37,9.96,10.04,10.23,-0.19,-1.8573,59131.01,59901.11
358,000885.SZ,20211101,9.83,10.4,9.77,10.23,9.87,0.36,3.6474,87367.44,88880.265
359,000885.SZ,20211029,9.71,9.9,9.65,9.87,9.71,0.16,1.6478,49598.15,48472.719
360,000885.SZ,20211028,9.99,10.05,9.68,9.71,10.06,-0.35,-3.4791,68753.35,67417.659
361,000885.SZ,20211027,10.23,10.29,9.92,10.06,10.19,-0.13,-1.2758,71925.62,72018.518
362,000885.SZ,20211026,10.5,10.58,10.15,10.19,10.52,-0.33,-3.1369,79365.35,81890.001
363,000885.SZ,20211025,10.2,10.57,10.06,10.52,10.18,0.34,3.3399,94361.62,97994.891
364,000885.SZ,20211022,10.49,10.58,10.06,10.18,10.55,-0.37,-3.5071,122293.61,125249.225
365,000885.SZ,20211021,10.6,10.76,10.46,10.55,10.65,-0.1,-0.939,83232.58,87948.827
366,000885.SZ,20211020,10.91,10.93,10.64,10.65,10.99,-0.34,-3.0937,101218.7,108878.05
367,000885.SZ,20211019,11.33,11.44,10.86,10.99,11.33,-0.34,-3.0009,143910.42,159278.004
368,000885.SZ,20211018,11.15,11.5,10.85,11.33,11.15,0.18,1.6143,122740.91,138482.664
369,000885.SZ,20211015,11.15,11.35,10.74,11.15,11.06,0.09,0.8137,144419.0,158713.383
370,000885.SZ,20211014,10.94,11.12,10.65,11.06,10.96,0.1,0.9124,96187.84,104745.494
371,000885.SZ,20211013,11.12,11.18,10.62,10.96,11.12,-0.16,-1.4388,107581.03,116693.984
372,000885.SZ,20211012,11.19,11.25,10.67,11.12,11.22,-0.1,-0.8913,164621.33,180310.716
373,000885.SZ,20211011,11.5,11.57,11.05,11.22,11.48,-0.26,-2.2648,161419.06,181513.877
374,000885.SZ,20211008,10.94,11.57,10.89,11.48,10.76,0.72,6.6914,216551.58,244277.363
375,000885.SZ,20210930,10.84,11.21,10.68,10.76,10.89,-0.13,-1.1938,132528.46,143997.808
376,000885.SZ,20210929,10.78,11.26,10.66,10.89,10.84,0.05,0.4613,178235.87,195359.537
377,000885.SZ,20210928,10.4,10.9,10.4,10.84,10.39,0.45,4.3311,210221.32,225319.755
378,000885.SZ,20210927,11.01,11.14,10.16,10.39,10.86,-0.47,-4.3278,223219.52,234219.507
379,000885.SZ,20210924,10.78,10.91,10.39,10.86,10.7,0.16,1.4953,210909.47,224727.247
380,000885.SZ,20210923,10.58,10.75,10.38,10.7,10.45,0.25,2.3923,197228.17,209055.981
381,000885.SZ,20210922,9.72,10.61,9.72,10.45,9.79,0.66,6.7416,182338.03,186615.046
382,000885.SZ,20210917,9.79,9.84,9.71,9.79,9.79,0.0,0.0,63399.7,61962.686
383,000885.SZ,20210916,9.85,10.08,9.77,9.79,9.89,-0.1,-1.0111,95372.1,94684.248
384,000885.SZ,20210915,9.85,9.98,9.79,9.89,9.92,-0.03,-0.3024,85185.4,84089.776
385,000885.SZ,20210914,10.13,10.15,9.88,9.92,10.12,-0.2,-1.9763,97140.85,96973.242
386,000885.SZ,20210913,10.1,10.17,10.04,10.12,9.96,0.16,1.6064,91489.36,92410.845
387,000885.SZ,20210910,10.15,10.25,9.94,9.96,10.18,-0.22,-2.1611,129583.56,130584.699
388,000885.SZ,20210909,10.0,10.25,9.93,10.18,9.96,0.22,2.2088,177964.32,179713.166
389,000885.SZ,20210908,9.8,10.01,9.77,9.96,9.8,0.16,1.6327,125719.0,124579.874
390,000885.SZ,20210907,9.76,9.83,9.69,9.8,9.81,-0.01,-0.1019,85194.58,83169.53
391,000885.SZ,20210906,9.76,9.85,9.69,9.81,9.72,0.09,0.9259,90964.26,88957.841
392,000885.SZ,20210903,9.68,9.85,9.63,9.72,9.7,0.02,0.2062,73804.13,71659.768
393,000885.SZ,20210902,9.68,9.74,9.62,9.7,9.7,0.0,0.0,73728.21,71362.534
394,000885.SZ,20210901,9.61,9.76,9.57,9.7,9.61,0.09,0.9365,116443.19,112694.686
395,000885.SZ,20210831,9.45,9.62,9.43,9.61,9.42,0.19,2.017,109101.32,104307.809
396,000885.SZ,20210830,9.38,9.52,9.36,9.42,9.46,-0.04,-0.4228,55645.27,52419.257
397,000885.SZ,20210827,9.62,9.63,9.4,9.46,9.57,-0.11,-1.1494,64639.0,61193.761
398,000885.SZ,20210826,9.48,9.6,9.42,9.57,9.48,0.09,0.9494,65240.85,62167.706
399,000885.SZ,20210825,9.4,9.49,9.36,9.48,9.43,0.05,0.5302,41803.3,39445.387
400,000885.SZ,20210824,9.38,9.44,9.36,9.43,9.4,0.03,0.3191,38266.3,35983.982
401,000885.SZ,20210823,9.32,9.43,9.31,9.4,9.31,0.09,0.9667,51775.94,48582.841
402,000885.SZ,20210820,9.35,9.39,9.24,9.31,9.32,-0.01,-0.1073,45839.49,42716.601
403,000885.SZ,20210819,9.35,9.37,9.25,9.32,9.37,-0.05,-0.5336,44772.84,41650.582
404,000885.SZ,20210818,9.35,9.42,9.25,9.37,9.4,-0.03,-0.3191,77400.4,72245.591
405,000885.SZ,20210817,9.59,9.59,9.35,9.4,9.54,-0.14,-1.4675,120019.4,113530.285
406,000885.SZ,20210816,9.35,9.54,9.34,9.54,9.33,0.21,2.2508,92850.8,87983.354
407,000885.SZ,20210813,9.22,9.36,9.2,9.33,9.2,0.13,1.413,80604.01,74909.197
408,000885.SZ,20210812,9.1,9.21,9.1,9.2,9.06,0.14,1.5453,74358.79,68161.36
409,000885.SZ,20210811,9.06,9.1,9.04,9.06,9.07,-0.01,-0.1103,39772.02,36046.675
410,000885.SZ,20210810,9.01,9.1,9.0,9.07,9.03,0.04,0.443,51451.6,46610.895
411,000885.SZ,20210809,8.94,9.06,8.91,9.03,8.94,0.09,1.0067,68327.61,61666.947
412,000885.SZ,20210806,8.91,9.01,8.83,8.94,8.9,0.04,0.4494,57011.67,50835.661
413,000885.SZ,20210805,9.02,9.03,8.8,8.9,9.06,-0.16,-1.766,74955.0,66546.324
414,000885.SZ,20210804,9.02,9.19,8.92,9.06,8.99,0.07,0.7786,75009.2,67481.247
415,000885.SZ,20210803,9.09,9.11,8.98,8.99,9.06,-0.07,-0.7726,41348.86,37278.601
416,000885.SZ,20210802,8.92,9.11,8.86,9.06,8.92,0.14,1.5695,56623.42,50902.304
417,000885.SZ,20210730,9.1,9.11,8.89,8.92,9.1,-0.18,-1.978,58770.95,52695.423
418,000885.SZ,20210729,9.31,9.36,9.05,9.1,9.28,-0.18,-1.9397,67696.63,61918.047
419,000885.SZ,20210728,9.43,9.44,9.06,9.28,9.42,-0.14,-1.4862,51815.46,47922.827
420,000885.SZ,20210727,9.29,9.52,9.29,9.42,9.28,0.14,1.5086,76584.8,72190.778
421,000885.SZ,20210726,9.48,9.48,9.21,9.28,9.43,-0.15,-1.5907,60265.19,56234.931
422,000885.SZ,20210723,9.7,9.75,9.35,9.43,10.11,-0.68,-6.726,155334.76,147406.88
423,000885.SZ,20210722,10.06,10.16,9.87,10.11,10.08,0.03,0.2976,100821.7,101220.681
424,000885.SZ,20210721,10.12,10.41,9.94,10.08,9.74,0.34,3.4908,201180.5,204569.486
425,000885.SZ,20210720,9.68,9.78,9.63,9.74,9.71,0.03,0.309,31462.04,30545.986
426,000885.SZ,20210719,9.72,9.87,9.67,9.71,9.83,-0.12,-1.2208,46559.12,45310.693
427,000885.SZ,20210716,9.88,9.98,9.79,9.83,9.9,-0.07,-0.7071,68529.62,67575.182
428,000885.SZ,20210715,10.1,10.19,9.82,9.9,9.82,0.08,0.8147,102250.92,102007.252
429,000885.SZ,20210714,9.8,9.86,9.76,9.82,9.81,0.01,0.1019,32768.82,32140.844
430,000885.SZ,20210713,9.71,9.87,9.63,9.81,9.69,0.12,1.2384,54506.59,53295.128
431,000885.SZ,20210712,9.57,9.7,9.53,9.69,9.55,0.14,1.466,37064.86,35681.38
432,000885.SZ,20210709,9.45,9.56,9.43,9.55,9.49,0.06,0.6322,29035.12,27639.932
433,000885.SZ,20210708,9.53,9.54,9.42,9.49,9.5,-0.01,-0.1053,22553.59,21370.114
434,000885.SZ,20210707,9.44,9.6,9.37,9.5,9.4,0.1,1.0638,28243.02,26765.501
435,000885.SZ,20210706,9.31,9.42,9.3,9.4,9.33,0.07,0.7503,18216.82,17066.013
436,000885.SZ,20210705,9.32,9.38,9.3,9.33,9.31,0.02,0.2148,18776.46,17518.398
437,000885.SZ,20210702,9.46,9.48,9.3,9.31,9.46,-0.15,-1.5856,28572.32,26737.871
438,000885.SZ,20210701,9.56,9.56,9.44,9.46,9.56,-0.1,-1.046,23883.59,22685.722
439,000885.SZ,20210630,9.58,9.64,9.52,9.56,9.58,-0.02,-0.2088,16194.57,15471.548
440,000885.SZ,20210629,9.5,9.66,9.46,9.58,9.48,0.1,1.0549,37015.64,35298.406
441,000885.SZ,20210628,9.56,9.57,9.48,9.48,9.52,-0.04,-0.4202,21731.2,20691.683
442,000885.SZ,20210625,9.65,9.65,9.54,9.62,9.65,-0.03,-0.3109,27056.8,25939.492
443,000885.SZ,20210624,9.66,9.66,9.59,9.65,9.66,-0.01,-0.1035,19848.03,19105.033
444,000885.SZ,20210623,9.62,9.68,9.58,9.66,9.64,0.02,0.2075,19163.43,18452.581
445,000885.SZ,20210622,9.59,9.67,9.59,9.64,9.6,0.04,0.4167,19938.8,19196.715
446,000885.SZ,20210621,9.65,9.68,9.56,9.6,9.68,-0.08,-0.8264,27708.65,26598.455
447,000885.SZ,20210618,9.64,9.69,9.51,9.68,9.58,0.1,1.0438,21611.02,20754.412
448,000885.SZ,20210617,9.64,9.67,9.5,9.58,9.64,-0.06,-0.6224,20124.84,19294.055
449,000885.SZ,20210616,9.68,9.7,9.62,9.64,9.69,-0.05,-0.516,21276.46,20554.978
450,000885.SZ,20210615,9.71,9.74,9.65,9.69,9.7,-0.01,-0.1031,28758.33,27865.168
451,000885.SZ,20210611,9.79,9.85,9.68,9.7,9.82,-0.12,-1.222,29412.9,28695.954
452,000885.SZ,20210610,9.88,9.9,9.75,9.82,9.86,-0.04,-0.4057,47402.4,46466.122
453,000885.SZ,20210609,9.9,9.92,9.85,9.86,9.91,-0.05,-0.5045,23502.43,23214.347
454,000885.SZ,20210608,9.95,9.99,9.87,9.91,9.93,-0.02,-0.2014,25182.91,24925.267
455,000885.SZ,20210607,9.92,10.02,9.85,9.93,9.99,-0.06,-0.6006,34242.82,33989.786
456,000885.SZ,20210604,10.09,10.12,9.9,9.99,10.04,-0.05,-0.498,45450.56,45503.656
457,000885.SZ,20210603,9.89,10.48,9.86,10.04,9.91,0.13,1.3118,74221.55,74750.744
458,000885.SZ,20210602,9.96,9.99,9.89,9.91,9.94,-0.03,-0.3018,33063.96,32850.779
459,000885.SZ,20210601,9.88,9.96,9.82,9.94,9.88,0.06,0.6073,49527.56,49120.865
460,000885.SZ,20210531,9.95,9.96,9.87,9.88,9.92,-0.04,-0.4032,29672.3,29384.0
461,000885.SZ,20210528,9.88,9.96,9.86,9.92,9.89,0.03,0.3033,31607.67,31308.763
462,000885.SZ,20210527,9.84,9.94,9.83,9.89,9.88,0.01,0.1012,26002.81,25691.922
463,000885.SZ,20210526,9.79,9.95,9.77,9.88,9.78,0.1,1.0225,31877.52,31430.188
464,000885.SZ,20210525,9.77,9.8,9.72,9.78,9.75,0.03,0.3077,26235.83,25597.453
465,000885.SZ,20210524,9.74,9.81,9.72,9.75,9.73,0.02,0.2055,25268.88,24660.587
466,000885.SZ,20210521,9.72,9.8,9.71,9.73,9.72,0.01,0.1029,22935.04,22360.419
467,000885.SZ,20210520,9.75,9.78,9.69,9.72,9.78,-0.06,-0.6135,28766.61,27974.878
468,000885.SZ,20210519,9.75,9.8,9.7,9.78,9.75,0.03,0.3077,27778.95,27080.321
469,000885.SZ,20210518,9.88,9.89,9.66,9.75,9.9,-0.15,-1.5152,62177.24,60512.59
470,000885.SZ,20210517,10.21,10.21,9.86,9.9,10.43,-0.53,-5.0815,137125.95,137060.779
471,000885.SZ,20210514,10.29,10.99,10.21,10.43,10.0,0.43,4.3,149998.63,156846.683
472,000885.SZ,20210513,10.01,10.12,10.0,10.0,10.04,-0.04,-0.3984,21470.9,21568.758
473,000885.SZ,20210512,10.03,10.07,9.95,10.04,10.09,-0.05,-0.4955,26593.2,26598.726
474,000885.SZ,20210511,9.98,10.15,9.97,10.09,10.03,0.06,0.5982,25780.9,25962.285
475,000885.SZ,20210510,10.07,10.15,9.95,10.03,10.08,-0.05,-0.496,32477.98,32683.386
476,000885.SZ,20210507,10.25,10.28,10.04,10.08,10.25,-0.17,-1.6585,51144.5,51844.34
477,000885.SZ,20210506,10.33,10.41,10.18,10.25,10.24,0.01,0.0977,29537.22,30411.575
478,000885.SZ,20210430,10.28,10.34,10.17,10.24,10.26,-0.02,-0.1949,46167.99,47239.357
479,000885.SZ,20210429,10.19,10.48,10.14,10.26,10.14,0.12,1.1834,51491.41,53289.045
480,000885.SZ,20210428,10.13,10.25,10.02,10.14,10.13,0.01,0.0987,41433.55,41869.952
481,000885.SZ,20210427,10.18,10.2,10.04,10.13,10.17,-0.04,-0.3933,32484.74,32840.538
482,000885.SZ,20210426,10.31,10.31,10.11,10.17,10.33,-0.16,-1.5489,37106.19,37850.773
483,000885.SZ,20210423,10.31,10.4,10.2,10.33,10.26,0.07,0.6823,22448.29,23102.337
484,000885.SZ,20210422,10.3,10.4,10.24,10.26,10.33,-0.07,-0.6776,35125.72,36238.228
485,000885.SZ,20210421,10.22,10.52,10.19,10.33,10.16,0.17,1.6732,72094.04,74855.929
486,000885.SZ,20210420,10.03,10.29,10.03,10.16,10.03,0.13,1.2961,58990.1,60094.002
487,000885.SZ,20210419,10.03,10.08,9.94,10.03,10.02,0.01,0.0998,39731.92,39795.316
488,000885.SZ,20210416,9.67,10.06,9.65,10.02,9.72,0.3,3.0864,73699.88,73140.152
489,000885.SZ,20210415,9.7,9.83,9.67,9.72,9.6,0.12,1.25,52891.64,51554.943
490,000885.SZ,20210414,9.62,9.64,9.46,9.6,9.67,-0.07,-0.7239,37352.8,35598.474
491,000885.SZ,20210413,9.71,9.8,9.6,9.67,9.7,-0.03,-0.3093,29943.84,29022.45
492,000885.SZ,20210412,9.72,9.77,9.64,9.7,9.7,0.0,0.0,27293.89,26491.768
493,000885.SZ,20210409,9.71,9.76,9.63,9.7,9.69,0.01,0.1032,19463.33,18863.925
494,000885.SZ,20210408,9.81,9.81,9.64,9.69,9.81,-0.12,-1.2232,30521.79,29642.821
495,000885.SZ,20210407,9.72,9.87,9.71,9.81,9.74,0.07,0.7187,25942.69,25426.166
496,000885.SZ,20210406,9.68,9.81,9.67,9.74,9.68,0.06,0.6198,29104.7,28340.285
497,000885.SZ,20210402,9.73,9.78,9.63,9.68,9.74,-0.06,-0.616,33144.1,32104.621
498,000885.SZ,20210401,9.86,9.86,9.73,9.74,9.89,-0.15,-1.5167,33208.93,32427.039
499,000885.SZ,20210331,9.74,10.09,9.7,9.89,9.74,0.15,1.54,51132.29,50521.442
500,000885.SZ,20210330,9.86,9.89,9.66,9.74,9.9,-0.16,-1.6162,33150.04,32225.106
501,000885.SZ,20210329,10.04,10.06,9.88,9.9,10.0,-0.1,-1.0,36059.26,35830.259
502,000885.SZ,20210326,10.07,10.13,9.95,10.0,10.01,-0.01,-0.0999,38145.5,38284.607
503,000885.SZ,20210325,10.04,10.07,9.92,10.01,10.07,-0.06,-0.5958,41694.07,41633.512
504,000885.SZ,20210324,9.98,10.24,9.89,10.07,9.96,0.11,1.1044,48464.79,48946.349
505,000885.SZ,20210323,10.18,10.24,9.9,9.96,10.15,-0.19,-1.8719,51506.57,51522.583
506,000885.SZ,20210322,9.74,10.31,9.73,10.15,9.76,0.39,3.9959,68245.26,68779.6
507,000885.SZ,20210319,9.64,10.1,9.61,9.76,9.7,0.06,0.6186,47248.52,46644.71
508,000885.SZ,20210318,9.7,9.77,9.63,9.7,9.7,0.0,0.0,20853.96,20197.066
509,000885.SZ,20210317,9.83,9.83,9.66,9.7,9.87,-0.17,-1.7224,36918.03,35852.28
510,000885.SZ,20210316,9.6,9.88,9.59,9.87,9.6,0.27,2.8125,48396.58,47262.257
511,000885.SZ,20210315,9.64,9.75,9.58,9.6,9.72,-0.12,-1.2346,25751.7,24881.726
512,000885.SZ,20210312,9.54,9.77,9.48,9.72,9.57,0.15,1.5674,40877.83,39432.021
513,000885.SZ,20210311,9.4,9.66,9.31,9.57,9.37,0.2,2.1345,30386.07,28820.91
514,000885.SZ,20210310,9.45,9.52,9.34,9.37,9.42,-0.05,-0.5308,30415.54,28701.849
515,000885.SZ,20210309,9.59,9.68,9.29,9.42,9.6,-0.18,-1.875,45759.22,43332.302
516,000885.SZ,20210308,9.6,9.73,9.57,9.6,9.59,0.01,0.1043,44351.92,42834.627
517,000885.SZ,20210305,9.57,9.64,9.53,9.59,9.58,0.01,0.1044,28918.04,27700.797
518,000885.SZ,20210304,9.65,9.73,9.56,9.58,9.62,-0.04,-0.4158,29453.92,28362.964
519,000885.SZ,20210303,9.68,9.68,9.53,9.62,9.62,0.0,0.0,24963.94,23952.896
520,000885.SZ,20210302,9.52,9.73,9.45,9.62,9.46,0.16,1.6913,45650.42,43896.815
521,000885.SZ,20210301,9.42,9.53,9.42,9.46,9.39,0.07,0.7455,28662.93,27117.023
522,000885.SZ,20210226,9.34,9.46,9.31,9.39,9.38,0.01,0.1066,28719.5,26974.469
523,000885.SZ,20210225,9.39,9.43,9.31,9.38,9.34,0.04,0.4283,28608.96,26774.841
524,000885.SZ,20210224,9.47,9.49,9.27,9.34,9.46,-0.12,-1.2685,60047.19,56180.575
525,000885.SZ,20210223,9.47,9.53,9.29,9.46,9.46,0.0,0.0,39015.99,36867.401
526,000885.SZ,20210222,9.42,9.71,9.39,9.46,9.35,0.11,1.1765,72267.12,68620.383
527,000885.SZ,20210219,9.24,9.4,9.17,9.35,9.18,0.17,1.8519,35311.23,32871.191
528,000885.SZ,20210218,8.9,9.5,8.81,9.18,8.83,0.35,3.9638,80185.9,73437.245
529,000885.SZ,20210210,9.0,9.0,8.69,8.83,8.96,-0.13,-1.4509,38735.6,34187.176
530,000885.SZ,20210209,8.82,9.0,8.75,8.96,8.8,0.16,1.8182,42350.24,37742.431
531,000885.SZ,20210208,8.8,8.96,8.73,8.8,8.8,0.0,0.0,35279.5,31188.051
532,000885.SZ,20210205,8.73,9.03,8.68,8.8,8.72,0.08,0.9174,36610.03,32216.983
533,000885.SZ,20210204,8.86,9.08,8.58,8.72,8.86,-0.14,-1.5801,48103.3,42298.006
534,000885.SZ,20210203,9.21,9.21,8.8,8.86,9.21,-0.35,-3.8002,86217.3,77317.988
535,000885.SZ,20210202,9.57,9.71,9.18,9.21,9.61,-0.4,-4.1623,94725.36,88939.083
536,000885.SZ,20210201,9.8,9.84,9.6,9.61,9.75,-0.14,-1.4359,42218.82,40847.827
537,000885.SZ,20210129,9.84,9.95,9.45,9.75,9.8,-0.05,-0.5102,69640.68,67525.56
538,000885.SZ,20210128,9.96,10.07,9.8,9.8,10.02,-0.22,-2.1956,48000.22,47500.217
539,000885.SZ,20210127,10.24,10.38,10.01,10.02,10.38,-0.36,-3.4682,57067.93,58019.141
540,000885.SZ,20210126,9.98,10.52,9.76,10.38,10.3,0.08,0.7767,146169.35,148223.895
541,000885.SZ,20210125,11.73,11.73,9.88,10.3,10.98,-0.68,-6.1931,270279.76,283302.3
542,000885.SZ,20210108,11.69,11.69,10.84,10.98,11.66,-0.68,-5.8319,91428.12,101902.746
543,000885.SZ,20210107,11.5,11.74,11.43,11.66,11.58,0.08,0.6908,36380.19,42022.755
544,000885.SZ,20210106,11.73,11.73,11.52,11.58,11.68,-0.1,-0.8562,21911.09,25445.998
545,000885.SZ,20210105,11.62,11.88,11.55,11.68,11.65,0.03,0.2575,46598.27,54443.69
546,000885.SZ,20210104,11.69,11.74,11.5,11.65,11.66,-0.01,-0.0858,33681.65,39122.326
547,000885.SZ,20201231,11.5,11.79,11.44,11.66,11.44,0.22,1.9231,58612.09,68349.362
548,000885.SZ,20201230,11.4,11.62,11.33,11.44,11.36,0.08,0.7042,50699.79,58296.58
549,000885.SZ,20201229,11.39,11.58,11.3,11.36,11.38,-0.02,-0.1757,45128.31,51476.718
550,000885.SZ,20201228,11.61,11.7,11.38,11.38,11.65,-0.27,-2.3176,44566.94,51120.778
551,000885.SZ,20201225,11.71,11.74,11.6,11.65,11.71,-0.06,-0.5124,31922.24,37228.863
552,000885.SZ,20201224,11.7,11.84,11.5,11.71,11.71,0.0,0.0,54150.73,63163.941
553,000885.SZ,20201223,11.62,11.98,11.58,11.71,11.63,0.08,0.6879,51272.5,60436.83
554,000885.SZ,20201222,11.82,11.87,11.57,11.63,11.87,-0.24,-2.0219,50341.07,59042.166
555,000885.SZ,20201221,11.91,11.98,11.76,11.87,11.87,0.0,0.0,40612.52,48174.79
556,000885.SZ,20201218,11.81,11.96,11.75,11.87,11.81,0.06,0.508,37093.7,43921.034
557,000885.SZ,20201217,11.82,11.96,11.77,11.81,11.89,-0.08,-0.6728,29531.89,34986.685
558,000885.SZ,20201216,11.92,11.94,11.7,11.89,11.88,0.01,0.0842,22534.21,26633.975
559,000885.SZ,20201215,11.91,11.98,11.8,11.88,11.89,-0.01,-0.0841,25537.56,30372.302
560,000885.SZ,20201214,11.86,12.01,11.69,11.89,11.86,0.03,0.253,33887.61,40277.676
561,000885.SZ,20201211,11.94,11.94,11.71,11.86,11.88,-0.02,-0.1684,30081.58,35559.715
562,000885.SZ,20201210,11.91,11.98,11.7,11.88,11.93,-0.05,-0.4191,24526.0,29049.297
563,000885.SZ,20201209,12.07,12.13,11.93,11.93,12.09,-0.16,-1.3234,30182.75,36170.236
564,000885.SZ,20201208,12.08,12.14,11.85,12.09,12.02,0.07,0.5824,32881.76,39384.936
565,000885.SZ,20201207,12.13,12.17,11.97,12.02,12.11,-0.09,-0.7432,25402.73,30601.998
566,000885.SZ,20201204,12.02,12.13,11.92,12.11,11.97,0.14,1.1696,28789.63,34673.887
567,000885.SZ,20201203,12.02,12.09,11.93,11.97,12.0,-0.03,-0.25,35569.18,42637.915
568,000885.SZ,20201202,12.08,12.25,11.98,12.0,12.1,-0.1,-0.8264,34074.01,41141.715
569,000885.SZ,20201201,11.95,12.12,11.9,12.1,11.9,0.2,1.6807,48105.56,57969.341
570,000885.SZ,20201130,11.9,12.1,11.87,11.9,11.9,0.0,0.0,51580.1,61842.112
571,000885.SZ,20201127,11.96,12.1,11.83,11.9,11.9,0.0,0.0,35634.46,42476.864
572,000885.SZ,20201126,11.89,11.99,11.83,11.9,11.97,-0.07,-0.5848,28902.5,34371.453
573,000885.SZ,20201125,12.19,12.24,11.91,11.97,12.17,-0.2,-1.6434,52421.0,62848.721
574,000885.SZ,20201124,12.2,12.28,12.12,12.17,12.18,-0.01,-0.0821,28267.11,34447.496
575,000885.SZ,20201123,12.21,12.37,12.13,12.18,12.2,-0.02,-0.1639,43307.99,52920.321
576,000885.SZ,20201120,12.0,12.24,11.93,12.2,11.96,0.24,2.0067,51757.06,62898.441
577,000885.SZ,20201119,12.15,12.15,11.88,11.96,12.05,-0.09,-0.7469,29274.66,35106.944
578,000885.SZ,20201118,11.83,12.3,11.74,12.05,11.78,0.27,2.292,69973.33,84628.033
579,000885.SZ,20201117,11.8,11.89,11.7,11.78,11.77,0.01,0.085,27869.12,32849.727
580,000885.SZ,20201116,11.79,11.85,11.54,11.77,11.61,0.16,1.3781,44365.75,52166.506
581,000885.SZ,20201113,11.63,11.69,11.52,11.61,11.63,-0.02,-0.172,29364.92,34021.172
582,000885.SZ,20201112,11.7,11.74,11.55,11.63,11.66,-0.03,-0.2573,30619.14,35648.553
583,000885.SZ,20201111,11.94,11.98,11.56,11.66,11.96,-0.3,-2.5084,62825.27,73682.988
584,000885.SZ,20201110,12.04,12.04,11.87,11.96,11.79,0.17,1.4419,48319.81,57765.944
585,000885.SZ,20201109,11.99,12.04,11.66,11.79,11.82,-0.03,-0.2538,58801.55,69274.319
586,000885.SZ,20201106,11.65,11.85,11.52,11.82,11.65,0.17,1.4592,38231.81,44595.412
587,000885.SZ,20201105,11.32,11.72,11.32,11.65,11.26,0.39,3.4636,45759.36,52805.048
588,000885.SZ,20201104,11.3,11.4,11.19,11.26,11.27,-0.01,-0.0887,26745.49,30131.691
589,000885.SZ,20201103,10.97,11.48,10.95,11.27,10.88,0.39,3.5846,46240.63,51964.772
590,000885.SZ,20201102,10.95,10.95,10.78,10.88,10.8,0.08,0.7407,24080.03,26130.356
591,000885.SZ,20201030,10.99,11.05,10.74,10.8,10.98,-0.18,-1.6393,33796.14,36770.885
592,000885.SZ,20201029,10.93,11.12,10.88,10.98,11.02,-0.04,-0.363,36288.6,39901.025
593,000885.SZ,20201028,11.09,11.12,10.8,11.02,11.04,-0.02,-0.1812,34105.2,37491.13
594,000885.SZ,20201027,10.87,11.21,10.78,11.04,10.87,0.17,1.5639,53868.7,59705.251
595,000885.SZ,20201026,10.63,10.95,10.61,10.87,10.64,0.23,2.1617,43197.26,46796.303
596,000885.SZ,20201023,10.5,10.87,10.47,10.64,10.5,0.14,1.3333,35585.52,38081.278
597,000885.SZ,20201022,10.62,10.62,10.43,10.5,10.57,-0.07,-0.6623,18981.94,19906.749
598,000885.SZ,20201021,10.83,10.84,10.53,10.57,10.8,-0.23,-2.1296,38013.85,40404.948
599,000885.SZ,20201020,10.81,10.84,10.75,10.8,10.78,0.02,0.1855,15596.81,16841.674
600,000885.SZ,20201019,11.21,11.21,10.71,10.78,10.75,0.03,0.2791,27073.32,29253.152
601,000885.SZ,20201016,10.88,10.98,10.75,10.75,10.87,-0.12,-1.104,18392.37,19846.671
602,000885.SZ,20201015,10.69,11.05,10.69,10.87,10.74,0.13,1.2104,35234.11,38194.797
603,000885.SZ,20201014,10.7,10.76,10.66,10.74,10.76,-0.02,-0.1859,15550.93,16674.077
604,000885.SZ,20201013,10.7,10.85,10.68,10.76,10.77,-0.01,-0.0929,23881.62,25709.637
605,000885.SZ,20201012,10.56,10.95,10.44,10.77,10.37,0.4,3.8573,47648.29,51254.944
606,000885.SZ,20201009,10.28,10.47,10.26,10.37,10.15,0.22,2.1675,38573.25,40017.937
607,000885.SZ,20200930,10.18,10.24,10.07,10.15,10.12,0.03,0.2964,24537.62,24904.447
608,000885.SZ,20200929,10.24,10.39,10.1,10.12,10.22,-0.1,-0.9785,47615.69,48601.757
609,000885.SZ,20200928,10.73,10.77,10.22,10.22,10.73,-0.51,-4.753,33576.1,34942.072
610,000885.SZ,20200925,10.52,10.82,10.29,10.73,10.38,0.35,3.3719,27488.5,29078.937
611,000885.SZ,20200924,10.53,10.53,10.33,10.38,10.56,-0.18,-1.7045,24007.93,25021.087
612,000885.SZ,20200923,10.67,10.96,10.51,10.56,10.7,-0.14,-1.3084,31407.34,33580.387
613,000885.SZ,20200922,10.64,10.78,10.56,10.7,10.69,0.01,0.0935,22982.55,24499.752
614,000885.SZ,20200921,10.84,10.84,10.6,10.69,10.81,-0.12,-1.1101,30272.8,32381.55
615,000885.SZ,20200918,10.65,10.87,10.53,10.81,10.62,0.19,1.7891,32443.5,34835.36
616,000885.SZ,20200917,10.73,10.84,10.5,10.62,10.73,-0.11,-1.0252,34605.9,36845.233
617,000885.SZ,20200916,10.9,10.9,10.71,10.73,10.8,-0.07,-0.6481,18721.9,20163.618
618,000885.SZ,20200915,10.89,10.94,10.73,10.8,10.89,-0.09,-0.8264,44643.05,48305.816
619,000885.SZ,20200914,10.99,11.01,10.75,10.89,10.87,0.02,0.184,28110.75,30460.784
620,000885.SZ,20200911,10.94,10.94,10.62,10.87,10.82,0.05,0.4621,26451.37,28503.524
621,000885.SZ,20200910,11.3,11.3,10.78,10.82,11.19,-0.37,-3.3065,52166.51,57202.989
622,000885.SZ,20200909,11.35,11.41,11.09,11.19,11.4,-0.21,-1.8421,76685.24,85983.559
623,000885.SZ,20200908,11.44,11.58,11.32,11.4,11.41,-0.01,-0.0876,31674.56,36107.165
624,000885.SZ,20200907,11.63,11.74,11.39,11.41,11.64,-0.23,-1.9759,32512.16,37474.185
625,000885.SZ,20200904,11.58,11.83,11.38,11.64,11.61,0.03,0.2584,48391.91,56072.863
626,000885.SZ,20200903,11.62,11.73,11.43,11.61,11.61,0.0,0.0,43592.9,50515.683
627,000885.SZ,20200902,11.7,11.95,11.55,11.61,11.56,0.05,0.4325,50654.22,59395.753
628,000885.SZ,20200901,11.65,11.79,11.52,11.56,11.6,-0.04,-0.3448,39243.52,45549.17
629,000885.SZ,20200831,11.63,11.77,11.59,11.6,11.63,-0.03,-0.258,35942.88,42008.224
630,000885.SZ,20200828,11.71,11.82,11.55,11.63,11.7,-0.07,-0.5983,32796.03,38273.794
631,000885.SZ,20200827,11.93,12.04,11.58,11.7,11.98,-0.28,-2.3372,57485.03,67490.441
632,000885.SZ,20200826,11.99,12.22,11.51,11.98,12.11,-0.13,-1.0735,91457.98,108357.185
633,000885.SZ,20200825,12.2,12.34,11.99,12.11,12.21,-0.1,-0.819,39569.01,47861.986
634,000885.SZ,20200824,12.33,12.46,12.15,12.21,12.21,0.0,0.0,29292.3,36047.957
635,000885.SZ,20200821,12.09,12.4,11.9,12.21,12.05,0.16,1.3278,32470.65,39434.651
636,000885.SZ,20200820,12.27,12.32,11.99,12.05,12.34,-0.29,-2.3501,28949.1,35108.478
637,000885.SZ,20200819,12.29,12.54,12.27,12.34,12.39,-0.05,-0.4036,36078.38,44732.989
638,000885.SZ,20200818,12.41,12.58,12.22,12.39,12.41,-0.02,-0.1612,39489.23,48698.26
639,000885.SZ,20200817,12.55,13.0,12.12,12.41,12.53,-0.12,-0.9577,89234.31,110613.311
640,000885.SZ,20200814,11.49,12.65,11.25,12.53,11.63,0.9,7.7386,108991.3,132012.373
641,000885.SZ,20200813,11.84,11.96,11.39,11.63,11.74,-0.11,-0.937,72878.69,84976.863
642,000885.SZ,20200804,12.36,13.3,12.28,12.84,12.36,0.48,3.8835,152295.37,195131.264
643,000885.SZ,20200803,12.57,12.57,12.31,12.36,12.47,-0.11,-0.8821,86346.44,107014.101
644,000885.SZ,20200731,12.46,12.61,12.3,12.47,12.5,-0.03,-0.24,91197.52,113547.329
645,000885.SZ,20200730,12.67,12.84,12.41,12.5,12.66,-0.16,-1.2638,36926.77,46362.866
646,000885.SZ,20200729,12.51,12.67,12.36,12.66,12.53,0.13,1.0375,40692.0,51218.716
647,000885.SZ,20200728,12.61,12.69,12.41,12.53,12.61,-0.08,-0.6344,31624.01,39604.497
648,000885.SZ,20200727,12.51,12.69,12.31,12.61,12.5,0.11,0.88,39646.0,49525.64
649,000885.SZ,20200724,12.96,13.35,12.45,12.5,13.05,-0.55,-4.2146,86449.0,109583.183
650,000885.SZ,20200723,13.57,13.69,12.2,13.05,13.55,-0.5,-3.69,109369.65,143750.051
651,000885.SZ,20200722,13.4,13.86,13.4,13.55,13.54,0.01,0.0739,63716.87,87082.972
652,000885.SZ,20200721,12.97,14.2,12.9,13.54,12.95,0.59,4.556,116649.85,159501.405
653,000885.SZ,20200720,12.81,13.1,12.77,12.95,12.71,0.24,1.8883,53935.98,69688.442
654,000885.SZ,20200717,12.68,12.83,12.47,12.71,12.73,-0.02,-0.1571,46349.48,58769.415
655,000885.SZ,20200716,12.97,13.2,12.58,12.73,12.97,-0.24,-1.8504,84590.37,108961.68
656,000885.SZ,20200715,13.33,13.55,12.9,12.97,13.36,-0.39,-2.9192,92334.0,121828.111
657,000885.SZ,20200714,13.2,13.67,13.1,13.36,13.2,0.16,1.2121,108546.41,145585.034
658,000885.SZ,20200713,13.11,13.45,13.0,13.2,13.26,-0.06,-0.4525,97768.23,129070.069
659,000885.SZ,20200710,13.26,13.55,13.05,13.26,13.34,-0.08,-0.5997,125507.78,166775.264
660,000885.SZ,20200709,12.88,13.65,12.7,13.34,12.88,0.46,3.5714,127334.03,167743.831
661,000885.SZ,20200708,11.8,12.88,11.8,12.88,11.71,1.17,9.9915,215948.52,269860.91
662,000885.SZ,20200707,11.86,12.3,11.27,11.71,11.48,0.23,2.0035,161914.77,190514.217
663,000885.SZ,20200706,10.71,11.48,10.68,11.48,10.44,1.04,9.9617,170138.13,190655.783
664,000885.SZ,20200703,10.1,10.44,10.07,10.44,10.1,0.34,3.3663,51727.9,53242.793
665,000885.SZ,20200702,9.99,10.12,9.98,10.1,9.98,0.12,1.2024,28966.18,29095.055
666,000885.SZ,20200701,10.03,10.03,9.91,9.98,9.99,-0.01,-0.1001,15992.41,15908.008
667,000885.SZ,20200630,10.04,10.04,9.96,9.99,10.0,-0.01,-0.1,19575.44,19543.248
668,000885.SZ,20200629,9.89,10.04,9.87,10.0,9.9,0.1,1.0101,30710.01,30592.624
669,000885.SZ,20200624,9.85,9.91,9.81,9.9,9.87,0.03,0.304,12124.0,11940.116
670,000885.SZ,20200623,9.9,9.92,9.83,9.87,9.9,-0.03,-0.303,15755.0,15529.079
671,000885.SZ,20200622,9.91,9.94,9.86,9.9,9.91,-0.01,-0.1009,12977.78,12850.353
672,000885.SZ,20200619,9.96,10.18,9.89,9.91,9.9,0.01,0.101,28183.0,28107.116
673,000885.SZ,20200618,9.89,9.91,9.83,9.9,9.9,0.0,0.0,10716.39,10564.306
674,000885.SZ,20200617,9.89,9.91,9.82,9.9,9.89,0.01,0.1011,11368.0,11220.462
675,000885.SZ,20200616,9.89,9.92,9.82,9.89,9.82,0.07,0.7128,9166.0,9035.228
676,000885.SZ,20200615,9.91,9.98,9.8,9.82,9.99,-0.17,-1.7017,21230.0,20996.196
677,000885.SZ,20200612,9.86,10.06,9.77,9.99,9.96,0.03,0.3012,28919.79,28828.862
678,000885.SZ,20200611,9.92,10.05,9.86,9.96,9.92,0.04,0.4032,26853.44,26729.649
679,000885.SZ,20200610,9.87,10.05,9.84,9.92,9.87,0.05,0.5066,17536.0,17359.237
680,000885.SZ,20200609,9.9,9.91,9.8,9.87,9.89,-0.02,-0.2022,11563.01,11385.739
681,000885.SZ,20200608,9.86,9.97,9.76,9.89,9.72,0.17,1.749,30629.2,30335.028
682,000885.SZ,20200605,9.61,9.73,9.61,9.72,9.65,0.07,0.7254,16345.29,15808.337
683,000885.SZ,20200604,9.59,9.73,9.55,9.65,9.59,0.06,0.6257,23843.63,22965.344
684,000885.SZ,20200603,9.72,9.75,9.59,9.59,9.71,-0.12,-1.2358,15455.97,14938.098
685,000885.SZ,20200602,9.72,9.79,9.68,9.71,9.72,-0.01,-0.1029,16137.05,15713.607
686,000885.SZ,20200601,9.58,9.75,9.54,9.72,9.53,0.19,1.9937,17745.0,17127.886
687,000885.SZ,20200529,9.58,9.58,9.49,9.53,9.53,0.0,0.0,10446.62,9946.614
688,000885.SZ,20200528,9.6,9.6,9.36,9.53,9.52,0.01,0.105,23356.93,22158.929
689,000885.SZ,20200527,9.75,9.75,9.52,9.52,9.72,-0.2,-2.0576,23127.89,22191.014
690,000885.SZ,20200526,9.95,9.95,9.8,9.85,9.85,0.0,0.0,18857.18,18577.667
691,000885.SZ,20200525,9.71,9.85,9.63,9.85,9.76,0.09,0.9221,20677.88,20189.262
692,000885.SZ,20200522,9.76,9.84,9.69,9.76,9.76,0.0,0.0,20445.81,19929.636
693,000885.SZ,20200521,9.82,9.94,9.7,9.76,9.82,-0.06,-0.611,20679.9,20295.257
694,000885.SZ,20200520,9.84,9.94,9.79,9.82,9.79,0.03,0.3064,32170.0,31764.183
695,000885.SZ,20200519,9.85,9.88,9.74,9.79,9.78,0.01,0.1022,27276.17,26697.647
696,000885.SZ,20200518,9.99,9.99,9.76,9.78,9.95,-0.17,-1.7085,22489.79,22070.982
697,000885.SZ,20200515,10.03,10.03,9.88,9.95,9.95,0.0,0.0,20588.51,20460.929
698,000885.SZ,20200514,9.98,10.1,9.88,9.95,10.04,-0.09,-0.8964,37503.83,37347.214
699,000885.SZ,20200513,10.11,10.15,9.95,10.04,10.12,-0.08,-0.7905,29678.0,29761.324
700,000885.SZ,20200512,10.11,10.3,9.96,10.12,10.11,0.01,0.0989,50914.7,51436.995
701,000885.SZ,20200511,10.11,10.25,10.02,10.11,10.11,0.0,0.0,42102.95,42431.784
702,000885.SZ,20200508,10.21,10.21,10.03,10.11,10.21,-0.1,-0.9794,52888.04,53309.25
703,000885.SZ,20200507,9.78,10.32,9.62,10.21,9.78,0.43,4.3967,105588.06,105351.823
704,000885.SZ,20200506,9.58,9.82,9.31,9.78,9.39,0.39,4.1534,68307.59,64662.925
705,000885.SZ,20200430,8.97,9.43,8.92,9.39,8.96,0.43,4.7991,61681.09,56474.039
706,000885.SZ,20200429,8.9,9.24,8.88,8.96,8.72,0.24,2.7523,58668.5,53076.979
707,000885.SZ,20200428,9.11,9.18,8.4,8.72,9.11,-0.39,-4.281,63183.96,55185.79
708,000885.SZ,20200427,9.18,9.26,9.1,9.11,9.22,-0.11,-1.1931,28783.78,26360.018
709,000885.SZ,20200424,9.25,9.33,9.21,9.22,9.25,-0.03,-0.3243,21788.98,20175.03
710,000885.SZ,20200423,9.4,9.4,9.24,9.25,9.39,-0.14,-1.4909,31603.23,29359.722
711,000885.SZ,20200422,9.36,9.4,9.21,9.39,9.42,-0.03,-0.3185,50074.33,46590.301
712,000885.SZ,20200421,9.62,9.63,9.38,9.42,9.62,-0.2,-2.079,38196.4,36143.548
713,000885.SZ,20200420,9.44,9.65,9.4,9.62,9.44,0.18,1.9068,36223.21,34656.126
714,000885.SZ,20200417,9.56,9.6,9.43,9.44,9.51,-0.07,-0.7361,39443.4,37527.071
715,000885.SZ,20200416,9.8,9.8,9.46,9.51,9.8,-0.29,-2.9592,61017.01,58451.984
716,000885.SZ,20200415,10.0,10.0,9.75,9.8,10.23,-0.43,-4.2033,72482.7,71240.312
717,000885.SZ,20200414,10.15,10.24,10.14,10.23,10.14,0.09,0.8876,17105.45,17442.585
718,000885.SZ,20200413,10.14,10.2,10.02,10.14,10.16,-0.02,-0.1969,16487.22,16672.183
719,000885.SZ,20200410,10.32,10.33,10.1,10.16,10.3,-0.14,-1.3592,23607.15,24032.614
720,000885.SZ,20200409,10.34,10.39,10.26,10.3,10.28,0.02,0.1946,20640.1,21276.328
721,000885.SZ,20200408,10.34,10.39,10.26,10.28,10.4,-0.12,-1.1538,25435.0,26235.488
722,000885.SZ,20200407,10.38,10.46,10.28,10.4,10.22,0.18,1.7613,34893.56,36152.29
723,000885.SZ,20200403,10.2,10.27,10.12,10.22,10.18,0.04,0.3929,20127.45,20519.094
724,000885.SZ,20200402,10.04,10.2,9.94,10.18,10.04,0.14,1.3944,21176.34,21312.096
725,000885.SZ,20200401,10.15,10.25,10.04,10.04,10.05,-0.01,-0.0995,21489.16,21794.752
726,000885.SZ,20200331,10.27,10.3,10.05,10.05,10.19,-0.14,-1.3739,22738.01,23073.981
727,000885.SZ,20200330,10.32,10.32,10.0,10.19,10.47,-0.28,-2.6743,36322.01,36762.433
728,000885.SZ,20200327,10.54,10.6,10.44,10.47,10.47,0.0,0.0,18451.95,19407.91
729,000885.SZ,20200326,10.48,10.65,10.43,10.47,10.56,-0.09,-0.8523,25078.0,26378.885
730,000885.SZ,20200325,10.56,10.63,10.44,10.56,10.43,0.13,1.2464,33504.51,35326.521
731,000885.SZ,20200324,10.25,10.47,10.13,10.43,10.11,0.32,3.1652,36384.91,37605.39
732,000885.SZ,20200323,10.15,10.31,10.07,10.11,10.39,-0.28,-2.6949,26289.0,26766.839
733,000885.SZ,20200320,10.29,10.39,10.13,10.39,10.22,0.17,1.6634,36627.01,37669.569
734,000885.SZ,20200319,10.23,10.38,9.97,10.22,10.2,0.02,0.1961,45686.02,46475.705
735,000885.SZ,20200318,10.66,10.8,10.2,10.2,10.58,-0.38,-3.5917,47470.23,50085.483
736,000885.SZ,20200317,10.63,10.79,10.2,10.58,10.58,0.0,0.0,48053.46,50542.775
737,000885.SZ,20200316,11.22,11.28,10.52,10.58,11.09,-0.51,-4.5987,73641.78,79946.455
738,000885.SZ,20200313,11.06,11.24,10.8,11.09,11.4,-0.31,-2.7193,73126.85,80283.708
739,000885.SZ,20200312,11.15,11.52,11.15,11.4,11.28,0.12,1.0638,79249.86,90082.858
740,000885.SZ,20200311,11.23,11.55,11.19,11.28,11.14,0.14,1.2567,76138.75,86396.992
741,000885.SZ,20200310,10.71,11.15,10.7,11.14,10.84,0.3,2.7675,57611.6,63318.659
742,000885.SZ,20200309,11.35,11.35,10.83,10.84,11.42,-0.58,-5.0788,70852.66,78173.066
743,000885.SZ,20200306,11.41,11.55,11.35,11.42,11.55,-0.13,-1.1255,60201.02,68842.235
744,000885.SZ,20200305,11.58,11.8,11.51,11.55,11.55,0.0,0.0,97656.6,113464.9
745,000885.SZ,20200304,11.17,11.6,11.12,11.55,11.13,0.42,3.7736,115413.66,131844.945
746,000885.SZ,20200303,11.22,11.33,11.0,11.13,11.07,0.06,0.542,88516.18,98536.155
747,000885.SZ,20200302,10.58,11.11,10.58,11.07,10.46,0.61,5.8317,92782.85,102107.784
748,000885.SZ,20200228,10.88,11.06,10.45,10.46,11.11,-0.65,-5.8506,74050.81,79904.124
749,000885.SZ,20200227,11.03,11.28,10.91,11.11,10.93,0.18,1.6468,61657.81,68600.245
750,000885.SZ,20200226,10.72,11.15,10.63,10.93,10.88,0.05,0.4596,76051.4,83367.679
751,000885.SZ,20200225,10.9,11.0,10.61,10.88,11.14,-0.26,-2.3339,83627.85,90449.649
752,000885.SZ,20200224,11.16,11.27,11.03,11.14,11.23,-0.09,-0.8014,59508.0,66186.883
753,000885.SZ,20200221,11.13,11.43,11.04,11.23,11.11,0.12,1.0801,92440.03,103743.509
754,000885.SZ,20200220,10.95,11.12,10.87,11.11,10.95,0.16,1.4612,58481.06,64425.581
755,000885.SZ,20200219,11.2,11.2,10.93,10.95,11.16,-0.21,-1.8817,68309.55,75361.361
756,000885.SZ,20200218,11.0,11.18,10.94,11.16,11.08,0.08,0.722,68193.07,75712.884
757,000885.SZ,20200217,10.79,11.1,10.62,11.08,10.8,0.28,2.5926,75061.42,82143.174
758,000885.SZ,20200214,10.89,10.9,10.74,10.8,10.83,-0.03,-0.277,38366.43,41514.088
759,000885.SZ,20200213,11.05,11.12,10.83,10.83,11.05,-0.22,-1.991,61885.36,67559.824
760,000885.SZ,20200212,11.09,11.18,10.93,11.05,11.09,-0.04,-0.3607,67024.55,74151.925
761,000885.SZ,20200211,10.86,11.32,10.65,11.09,10.87,0.22,2.0239,117761.14,130036.768
762,000885.SZ,20200210,10.72,11.05,10.59,10.87,10.72,0.15,1.3993,88085.64,95405.911
763,000885.SZ,20200207,10.25,10.75,10.25,10.72,10.25,0.47,4.5854,89791.93,94587.451
764,000885.SZ,20200206,10.09,10.32,9.95,10.25,10.09,0.16,1.5857,75106.51,76461.98
765,000885.SZ,20200205,10.01,10.32,9.92,10.09,9.93,0.16,1.6113,85193.49,86407.282
766,000885.SZ,20200204,9.5,10.03,9.5,9.93,10.04,-0.11,-1.0956,99270.51,97500.988
767,000885.SZ,20200203,10.04,10.04,10.04,10.04,11.15,-1.11,-9.9552,26575.0,26681.3
768,000885.SZ,20200123,11.62,11.63,11.07,11.15,11.72,-0.57,-4.8635,96214.88,108931.433
769,000885.SZ,20200122,11.67,11.82,11.51,11.72,11.74,-0.02,-0.1704,59706.68,69468.607
770,000885.SZ,20200121,11.9,11.99,11.71,11.74,11.91,-0.17,-1.4274,65936.59,78045.155
771,000885.SZ,20200120,12.09,12.13,11.8,11.91,12.09,-0.18,-1.4888,79771.61,94878.773
772,000885.SZ,20200117,12.21,12.25,12.03,12.09,12.08,0.01,0.0828,69792.24,84759.593
773,000885.SZ,20200116,12.23,12.33,11.95,12.08,12.31,-0.23,-1.8684,94440.47,114361.73
774,000885.SZ,20200115,12.2,12.55,12.02,12.31,12.05,0.26,2.1577,135872.4,166877.761
775,000885.SZ,20200114,12.19,12.47,11.93,12.05,12.22,-0.17,-1.3912,112735.8,136549.202
776,000885.SZ,20200113,11.83,12.33,11.83,12.22,11.9,0.32,2.6891,154228.88,187056.653
777,000885.SZ,20200110,12.12,12.23,11.8,11.9,12.09,-0.19,-1.5715,177764.6,213230.222
778,000885.SZ,20200109,11.16,12.09,11.16,12.09,10.99,1.1,10.0091,249513.53,296449.514
779,000885.SZ,20200108,11.22,11.22,10.97,10.99,11.2,-0.21,-1.875,61785.01,68447.236
780,000885.SZ,20200107,11.02,11.24,10.98,11.2,10.97,0.23,2.0966,73087.0,81416.348
781,000885.SZ,20200106,10.91,11.08,10.75,10.97,10.97,0.0,0.0,50514.97,55388.075
782,000885.SZ,20200103,11.03,11.06,10.92,10.97,11.04,-0.07,-0.6341,48465.89,53193.849
783,000885.SZ,20200102,11.09,11.17,10.97,11.04,10.99,0.05,0.455,75233.83,83128.968
784,000885.SZ,20191231,10.89,11.04,10.79,10.99,10.88,0.11,1.011,70154.69,76637.321
785,000885.SZ,20191230,10.53,10.93,10.53,10.88,10.56,0.32,3.0303,74842.0,80897.938
786,000885.SZ,20191227,10.7,10.7,10.52,10.56,10.68,-0.12,-1.1236,30599.53,32497.869
787,000885.SZ,20191226,10.58,10.68,10.57,10.68,10.59,0.09,0.8499,29014.03,30830.489
788,000885.SZ,20191225,10.54,10.65,10.5,10.59,10.54,0.05,0.4744,38152.01,40355.073
789,000885.SZ,20191224,10.45,10.57,10.39,10.54,10.41,0.13,1.2488,33979.27,35625.948
790,000885.SZ,20191223,10.51,10.6,10.41,10.41,10.53,-0.12,-1.1396,40838.7,42852.915
791,000885.SZ,20191220,10.66,10.72,10.53,10.53,10.66,-0.13,-1.2195,40329.72,42772.74
792,000885.SZ,20191219,10.67,10.74,10.61,10.66,10.67,-0.01,-0.0937,42824.14,45666.706
793,000885.SZ,20191218,10.72,10.94,10.65,10.67,10.7,-0.03,-0.2804,57732.76,62178.258
794,000885.SZ,20191217,10.65,10.74,10.56,10.7,10.65,0.05,0.4695,57715.68,61486.41
795,000885.SZ,20191216,10.7,10.7,10.55,10.65,10.65,0.0,0.0,44039.95,46808.626
796,000885.SZ,20191213,10.58,10.69,10.48,10.65,10.53,0.12,1.1396,56896.69,60343.746
797,000885.SZ,20191212,10.52,10.63,10.48,10.53,10.45,0.08,0.7656,43354.87,45796.025
798,000885.SZ,20191211,10.44,10.65,10.4,10.45,10.39,0.06,0.5775,46362.73,48766.522
799,000885.SZ,20191210,10.34,10.44,10.31,10.39,10.41,-0.02,-0.1921,28182.75,29240.921
800,000885.SZ,20191209,10.42,10.49,10.36,10.41,10.31,0.1,0.9699,35750.63,37296.721
801,000885.SZ,20191206,10.27,10.34,10.23,10.31,10.29,0.02,0.1944,18921.66,19456.525
802,000885.SZ,20191205,10.19,10.3,10.17,10.29,10.18,0.11,1.0806,25729.91,26373.223
803,000885.SZ,20191204,10.13,10.22,10.1,10.18,10.16,0.02,0.1969,17625.0,17921.16
804,000885.SZ,20191203,10.15,10.21,10.11,10.16,10.22,-0.06,-0.5871,31647.05,32087.124
805,000885.SZ,20191202,10.22,10.31,10.16,10.22,10.21,0.01,0.0979,24645.0,25220.205
806,000885.SZ,20191129,10.26,10.33,10.15,10.21,10.23,-0.02,-0.1955,21124.23,21615.91
807,000885.SZ,20191128,10.38,10.47,10.2,10.23,10.38,-0.15,-1.4451,28184.15,29085.884
808,000885.SZ,20191127,10.47,10.59,10.37,10.38,10.53,-0.15,-1.4245,34654.02,36295.099
809,000885.SZ,20191126,10.42,10.53,10.33,10.53,10.43,0.1,0.9588,43596.71,45484.372
810,000885.SZ,20191125,10.3,10.58,10.23,10.43,10.1,0.33,3.2673,67215.45,70150.238
811,000885.SZ,20191122,10.11,10.29,10.05,10.1,10.13,-0.03,-0.2962,19276.5,19601.663
812,000885.SZ,20191121,10.16,10.2,10.07,10.13,10.15,-0.02,-0.197,15500.0,15690.597
813,000885.SZ,20191120,10.27,10.27,10.14,10.15,10.27,-0.12,-1.1685,19107.0,19493.118
814,000885.SZ,20191119,10.07,10.29,10.0,10.27,10.07,0.2,1.9861,29223.61,29810.037
815,000885.SZ,20191118,10.08,10.1,9.95,10.07,10.07,0.0,0.0,17042.75,17089.682
816,000885.SZ,20191115,10.12,10.18,10.06,10.07,10.15,-0.08,-0.7882,18329.87,18526.016
817,000885.SZ,20191114,10.28,10.28,10.12,10.15,10.18,-0.03,-0.2947,21316.0,21702.702
818,000885.SZ,20191113,10.16,10.3,10.04,10.18,10.16,0.02,0.1969,31363.01,31790.179
819,000885.SZ,20191112,10.15,10.23,10.1,10.16,10.19,-0.03,-0.2944,41348.0,41891.735
820,000885.SZ,20191111,10.53,10.54,10.13,10.19,10.53,-0.34,-3.2289,53484.0,54975.707
821,000885.SZ,20191108,10.75,10.78,10.52,10.53,10.7,-0.17,-1.5888,44580.02,47444.569
822,000885.SZ,20191107,10.48,10.73,10.45,10.7,10.45,0.25,2.3923,54171.74,57487.987
823,000885.SZ,20191106,10.63,10.65,10.4,10.45,10.62,-0.17,-1.6008,65989.22,69290.966
824,000885.SZ,20191105,10.68,10.89,10.62,10.62,10.69,-0.07,-0.6548,91831.19,98705.462
825,000885.SZ,20191104,10.44,10.7,10.44,10.69,10.44,0.25,2.3946,86592.65,91752.471
826,000885.SZ,20191101,10.38,10.47,10.28,10.44,10.4,0.04,0.3846,46861.45,48782.298
827,000885.SZ,20191031,10.62,10.66,10.39,10.4,10.57,-0.17,-1.6083,47114.02,49364.645
828,000885.SZ,20191030,10.4,10.59,10.39,10.57,10.4,0.17,1.6346,73190.55,76694.73
829,000885.SZ,20191029,10.32,10.42,10.24,10.4,10.32,0.08,0.7752,40284.22,41549.03
830,000885.SZ,20191028,10.28,10.33,10.25,10.32,10.31,0.01,0.097,39927.91,41114.878
831,000885.SZ,20191025,10.34,10.36,10.24,10.31,10.3,0.01,0.0971,46995.0,48359.251
832,000885.SZ,20191024,10.27,10.45,10.15,10.3,10.27,0.03,0.2921,35734.02,36735.734
833,000885.SZ,20191023,10.3,10.3,10.2,10.27,10.27,0.0,0.0,24487.48,25077.619
834,000885.SZ,20191022,10.28,10.31,10.2,10.27,10.27,0.0,0.0,24576.51,25191.451
835,000885.SZ,20191021,10.21,10.3,10.14,10.27,10.26,0.01,0.0975,31903.47,32689.076
836,000885.SZ,20191018,10.44,10.47,10.21,10.26,10.47,-0.21,-2.0057,56776.68,58562.326
837,000885.SZ,20191017,10.58,10.61,10.46,10.47,10.58,-0.11,-1.0397,43875.98,46108.483
838,000885.SZ,20191016,10.53,10.65,10.47,10.58,10.52,0.06,0.5703,62313.7,65866.742
839,000885.SZ,20191015,10.4,10.52,10.3,10.52,10.37,0.15,1.4465,63904.61,66545.495
840,000885.SZ,20191014,10.34,10.44,10.29,10.37,10.26,0.11,1.0721,43068.25,44700.091
841,000885.SZ,20191011,10.23,10.28,10.18,10.26,10.22,0.04,0.3914,37903.72,38799.123
842,000885.SZ,20191010,10.22,10.25,10.14,10.22,10.18,0.04,0.3929,40837.18,41648.088
843,000885.SZ,20191009,10.2,10.2,10.02,10.18,10.18,0.0,0.0,32090.47,32487.314
844,000885.SZ,20191008,10.28,10.36,10.12,10.18,10.25,-0.07,-0.6829,30016.72,30810.261
845,000885.SZ,20190930,10.22,10.37,10.2,10.25,10.26,-0.01,-0.0975,29927.51,30764.882
846,000885.SZ,20190927,10.19,10.34,10.12,10.26,10.09,0.17,1.6848,27255.02,27935.673
847,000885.SZ,20190926,10.34,10.37,10.08,10.09,10.34,-0.25,-2.4178,47003.83,48173.32
848,000885.SZ,20190925,10.28,10.44,10.05,10.34,10.27,0.07,0.6816,70035.46,71807.856
849,000885.SZ,20190924,10.4,10.5,10.21,10.27,10.38,-0.11,-1.0597,73083.47,76098.161
850,000885.SZ,20190923,10.74,10.74,10.35,10.38,10.77,-0.39,-3.6212,60483.83,63273.211
851,000885.SZ,20190920,10.7,10.93,10.68,10.77,10.65,0.12,1.1268,82601.59,89132.043
852,000885.SZ,20190919,10.68,10.7,10.55,10.65,10.63,0.02,0.1881,70268.31,74502.613
853,000885.SZ,20190918,10.79,10.79,10.55,10.63,10.72,-0.09,-0.8396,74162.24,78948.091
854,000885.SZ,20190917,10.74,10.94,10.59,10.72,10.75,-0.03,-0.2791,126922.02,136985.279
855,000885.SZ,20190916,10.56,10.75,10.5,10.75,10.53,0.22,2.0893,119963.56,127566.976
856,000885.SZ,20190912,10.66,10.66,10.4,10.53,10.53,0.0,0.0,174764.17,182853.177
857,000885.SZ,20190911,10.81,10.85,10.45,10.53,10.79,-0.26,-2.4096,121780.01,129531.598
858,000885.SZ,20190910,11.11,11.11,10.73,10.79,11.06,-0.27,-2.4412,117575.15,127562.222
859,000885.SZ,20190909,11.4,11.46,11.0,11.06,11.23,-0.17,-1.5138,163799.81,182052.015
860,000885.SZ,20190906,11.22,11.36,11.08,11.23,11.31,-0.08,-0.7073,73372.61,82523.803
861,000885.SZ,20190905,10.78,11.84,10.63,11.31,10.76,0.55,5.1115,214473.03,242607.651
862,000885.SZ,20190904,10.15,10.99,10.15,10.76,10.2,0.56,5.4902,151906.02,161706.734
863,000885.SZ,20190903,10.23,10.25,10.08,10.2,10.22,-0.02,-0.1957,26482.94,26951.115
864,000885.SZ,20190902,9.85,10.3,9.78,10.22,9.9,0.32,3.2323,60935.48,61691.934
865,000885.SZ,20190830,9.88,9.91,9.69,9.9,9.87,0.03,0.304,32816.12,32159.563
866,000885.SZ,20190829,9.92,9.92,9.82,9.87,9.89,-0.02,-0.2022,18277.0,18003.777
867,000885.SZ,20190828,10.04,10.04,9.85,9.89,9.97,-0.08,-0.8024,29057.96,28766.885
868,000885.SZ,20190827,9.9,10.06,9.9,9.97,9.86,0.11,1.1156,30986.3,30936.343
869,000885.SZ,20190826,9.8,9.91,9.76,9.86,10.05,-0.19,-1.8905,32538.48,32056.681
870,000885.SZ,20190823,10.32,10.36,10.02,10.05,10.3,-0.25,-2.4272,46773.01,47462.562
871,000885.SZ,20190822,10.41,10.44,10.23,10.3,10.4,-0.1,-0.9615,27443.15,28280.54
872,000885.SZ,20190821,10.55,10.55,10.36,10.4,10.5,-0.1,-0.9524,28482.0,29622.102
873,000885.SZ,20190820,10.39,10.52,10.35,10.5,10.37,0.13,1.2536,46140.01,48219.249
874,000885.SZ,20190819,10.25,10.39,10.19,10.37,10.21,0.16,1.5671,35088.37,36181.556
875,000885.SZ,20190816,10.23,10.3,10.16,10.21,10.3,-0.09,-0.8738,34887.28,35615.515
876,000885.SZ,20190815,10.01,10.43,9.87,10.3,10.18,0.12,1.1788,43948.99,44262.559
877,000885.SZ,20190814,10.35,10.38,10.11,10.18,10.22,-0.04,-0.3914,24887.73,25421.784
878,000885.SZ,20190813,10.25,10.33,10.16,10.22,10.31,-0.09,-0.8729,21327.16,21822.937
879,000885.SZ,20190812,10.17,10.43,10.0,10.31,10.14,0.17,1.6765,30370.12,31295.998
880,000885.SZ,20190809,10.15,10.21,10.05,10.14,10.14,0.0,0.0,32096.59,32516.367
881,000885.SZ,20190808,9.93,10.2,9.84,10.14,9.88,0.26,2.6316,49898.13,50054.166
882,000885.SZ,20190807,9.86,10.01,9.7,9.88,9.9,-0.02,-0.202,46088.0,45369.055
883,000885.SZ,20190806,9.5,9.96,9.25,9.9,9.75,0.15,1.5385,87907.0,84138.151
884,000885.SZ,20190805,9.61,9.75,9.52,9.75,9.75,0.0,0.0,55786.63,53669.178
885,000885.SZ,20190802,9.83,9.84,9.32,9.75,9.98,-0.23,-2.3046,126987.82,121376.702
886,000885.SZ,20190801,10.56,10.56,9.46,9.98,10.51,-0.53,-5.0428,77510.0,78110.461
887,000885.SZ,20190731,10.62,10.75,10.5,10.51,10.62,-0.11,-1.0358,40818.01,43172.565
888,000885.SZ,20190730,10.53,10.67,10.31,10.62,10.51,0.11,1.0466,52796.9,55977.026
889,000885.SZ,20190729,10.48,10.6,10.34,10.51,10.34,0.17,1.6441,49695.74,51833.076
890,000885.SZ,20190726,10.12,10.35,10.09,10.34,10.07,0.27,2.6812,49325.01,50637.208
891,000885.SZ,20190725,10.13,10.14,10.05,10.07,10.07,0.0,0.0,26111.01,26319.144
892,000885.SZ,20190724,10.1,10.22,10.04,10.07,10.04,0.03,0.2988,25570.01,25852.361
893,000885.SZ,20190723,10.1,10.15,9.98,10.04,10.1,-0.06,-0.5941,21972.0,22042.753
894,000885.SZ,20190722,10.02,10.17,9.83,10.1,10.0,0.1,1.0,43903.0,43990.747
895,000885.SZ,20190719,9.94,10.21,9.94,10.0,9.93,0.07,0.7049,28887.14,29025.852
896,000885.SZ,20190718,10.25,10.25,9.93,9.93,10.26,-0.33,-3.2164,40417.51,40525.523
897,000885.SZ,20190717,10.32,10.39,10.26,10.26,10.31,-0.05,-0.485,29000.0,29865.514
898,000885.SZ,20190716,10.28,10.4,10.28,10.31,10.37,-0.06,-0.5786,36383.13,37578.967
899,000885.SZ,20190715,10.08,10.45,9.95,10.37,10.05,0.32,3.1841,67370.34,69089.715
900,000885.SZ,20190712,9.94,10.09,9.88,10.05,9.95,0.1,1.005,51322.77,51208.033
901,000885.SZ,20190711,10.11,10.19,9.9,9.95,10.12,-0.17,-1.6798,59999.51,60157.927
902,000885.SZ,20190710,10.19,10.24,9.99,10.12,10.11,0.01,0.0989,48016.75,48558.751
903,000885.SZ,20190709,10.64,10.66,10.08,10.11,10.69,-0.58,-5.4256,89772.01,91582.463
904,000885.SZ,20190708,10.69,10.93,10.51,10.69,10.72,-0.03,-0.2799,77265.53,82869.448
905,000885.SZ,20190705,10.87,10.92,10.63,10.72,10.93,-0.21,-1.9213,78214.24,84191.338
906,000885.SZ,20190704,11.43,11.43,10.75,10.93,11.12,-0.19,-1.7086,138862.71,153593.658
907,000885.SZ,20190703,11.62,11.66,11.1,11.12,11.75,-0.63,-5.3617,195369.97,219256.456
908,000885.SZ,20190702,13.0,13.0,11.57,11.75,12.29,-0.54,-4.3938,231884.87,278030.918
909,000885.SZ,20190701,11.24,12.29,11.16,12.29,11.17,1.12,10.0269,215142.05,257566.073
910,000885.SZ,20190628,12.15,12.3,11.13,11.17,11.72,-0.55,-4.6928,246662.61,286342.695
911,000885.SZ,20190627,10.62,11.72,10.4,11.72,10.65,1.07,10.0469,146495.75,168312.833
912,000885.SZ,20190626,10.83,10.95,10.4,10.65,10.81,-0.16,-1.4801,77820.98,83254.783
913,000885.SZ,20190625,10.66,10.83,10.36,10.81,10.5,0.31,2.9524,95467.11,101688.035
914,000885.SZ,20190624,10.39,10.86,10.39,10.5,10.37,0.13,1.2536,78799.52,83705.237
915,000885.SZ,20190621,10.57,10.58,10.16,10.37,10.02,0.35,3.493,59032.41,61186.95
916,000885.SZ,20190620,9.94,10.1,9.81,10.02,9.62,0.4,4.158,68050.24,67964.566
917,000885.SZ,20190619,9.45,9.99,9.45,9.62,9.45,0.17,1.7989,61796.69,60120.332
918,000885.SZ,20190618,9.4,9.56,9.16,9.45,9.6,-0.15,-1.5625,41927.48,39102.785
919,000885.SZ,20190617,9.67,9.88,9.11,9.6,9.99,-0.39,-3.9039,73247.07,68760.563
920,000885.SZ,20190614,10.16,10.24,9.71,9.99,10.15,-0.16,-1.5764,33101.72,33160.596
921,000885.SZ,20190613,10.3,10.49,10.3,10.38,10.3,0.08,0.7767,32443.72,33666.969
922,000885.SZ,20190612,10.65,10.65,10.3,10.3,10.47,-0.17,-1.6237,33928.0,35397.3
923,000885.SZ,20190611,10.34,10.67,10.29,10.47,10.28,0.19,1.8482,39105.04,41226.15
924,000885.SZ,20190610,10.59,10.66,10.28,10.28,10.59,-0.31,-2.9273,33011.97,34423.879
925,000885.SZ,20190606,10.67,10.69,10.46,10.59,10.79,-0.2,-1.8536,38738.0,40925.3
926,000885.SZ,20190605,10.8,10.89,10.55,10.79,10.82,-0.03,-0.2773,33006.0,35323.519
927,000885.SZ,20190604,10.95,10.95,10.49,10.82,10.95,-0.13,-1.1872,75817.2,81073.247
928,000885.SZ,20190603,10.8,11.02,10.72,10.95,10.77,0.18,1.6713,56432.96,61473.894
929,000885.SZ,20190531,10.56,10.82,10.56,10.77,10.56,0.21,1.9886,46144.71,49566.799
930,000885.SZ,20190530,10.58,10.59,10.23,10.56,10.58,-0.02,-0.189,36389.22,37929.624
931,000885.SZ,20190529,10.65,10.75,10.51,10.58,10.71,-0.13,-1.2138,37405.5,39825.171
932,000885.SZ,20190528,10.79,10.85,10.65,10.71,10.8,-0.09,-0.8333,38821.94,41708.626
933,000885.SZ,20190527,10.92,11.0,10.61,10.8,10.85,-0.05,-0.4608,48324.59,52073.203
934,000885.SZ,20190524,10.9,11.0,10.7,10.85,11.05,-0.2,-1.81,46052.71,49976.588
935,000885.SZ,20190523,11.01,11.25,10.83,11.05,11.15,-0.1,-0.8969,68065.41,75313.406
936,000885.SZ,20190522,10.95,11.2,10.71,11.15,11.03,0.12,1.0879,52090.36,56707.793
937,000885.SZ,20190521,10.99,11.28,10.93,11.03,10.94,0.09,0.8227,74192.93,82362.475
938,000885.SZ,20190520,10.59,10.95,10.25,10.94,10.66,0.28,2.6266,65013.56,69294.423
939,000885.SZ,20190517,10.95,10.96,10.5,10.66,10.99,-0.33,-3.0027,62520.89,66948.45
940,000885.SZ,20190516,10.89,11.1,10.75,10.99,10.94,0.05,0.457,69052.95,75386.034
941,000885.SZ,20190515,10.66,11.09,10.66,10.94,10.65,0.29,2.723,103259.2,112318.294
942,000885.SZ,20190514,10.74,10.94,10.51,10.65,11.01,-0.36,-3.2698,76636.93,81918.429
943,000885.SZ,20190513,10.63,11.22,10.62,11.01,10.83,0.18,1.662,106292.63,116697.676
944,000885.SZ,20190510,10.65,10.97,10.25,10.83,10.65,0.18,1.6901,120621.27,129322.55
945,000885.SZ,20190509,10.45,10.68,10.2,10.65,10.79,-0.14,-1.2975,88055.97,92098.965
946,000885.SZ,20190508,10.12,11.16,10.01,10.79,10.27,0.52,5.0633,157704.42,169125.852
947,000885.SZ,20190507,9.65,10.67,9.65,10.27,9.7,0.57,5.8763,120611.78,122723.15
948,000885.SZ,20190506,9.9,10.08,9.32,9.7,10.13,-0.43,-4.2448,92735.64,89923.834
949,000885.SZ,20190430,9.7,10.13,9.61,10.13,9.79,0.34,3.4729,60768.04,60149.358
950,000885.SZ,20190429,10.06,10.13,9.06,9.79,9.99,-0.2,-2.002,81281.67,78269.504
951,000885.SZ,20190426,10.23,10.25,9.82,9.99,9.92,0.07,0.7056,57012.19,57063.876
952,000885.SZ,20190425,9.98,10.3,9.9,9.92,10.03,-0.11,-1.0967,87092.02,87972.787
953,000885.SZ,20190424,10.03,10.04,9.76,10.03,10.0,0.03,0.3,56669.56,55994.413
954,000885.SZ,20190423,10.16,10.29,9.81,10.0,10.19,-0.19,-1.8646,65906.11,65867.533
955,000885.SZ,20190422,10.2,10.51,10.05,10.19,10.18,0.01,0.0982,54222.0,55164.717
956,000885.SZ,20190419,10.21,10.48,9.95,10.18,10.23,-0.05,-0.4888,87266.23,88723.693
957,000885.SZ,20190418,10.12,10.31,10.08,10.23,10.14,0.09,0.8876,57820.22,58889.849
958,000885.SZ,20190417,10.3,10.35,10.11,10.14,10.23,-0.09,-0.8798,78132.61,79540.533
959,000885.SZ,20190416,9.74,10.3,9.74,10.23,9.74,0.49,5.0308,120498.05,121167.027
960,000885.SZ,20190415,9.73,9.89,9.65,9.74,9.63,0.11,1.1423,72195.62,70436.971
961,000885.SZ,20190412,9.59,9.67,9.48,9.63,9.57,0.06,0.627,37323.69,35728.234
962,000885.SZ,20190411,9.76,9.79,9.5,9.57,9.75,-0.18,-1.8462,50341.4,48406.597
963,000885.SZ,20190410,9.64,9.8,9.59,9.75,9.76,-0.01,-0.1025,56629.41,54939.613
964,000885.SZ,20190409,9.87,9.87,9.6,9.76,9.94,-0.18,-1.8109,85177.47,82771.083
965,000885.SZ,20190408,9.55,9.99,9.5,9.94,9.55,0.39,4.0838,135379.77,131973.26
966,000885.SZ,20190404,9.52,9.72,9.42,9.55,9.49,0.06,0.6322,91031.54,87261.084
967,000885.SZ,20190403,9.36,9.51,9.28,9.49,9.41,0.08,0.8502,64174.5,60422.914
968,000885.SZ,20190402,9.5,9.55,9.36,9.41,9.47,-0.06,-0.6336,81022.2,76412.809
969,000885.SZ,20190401,9.18,9.5,9.18,9.47,9.15,0.32,3.4973,74283.63,69930.583
970,000885.SZ,20190329,8.9,9.17,8.76,9.15,8.89,0.26,2.9246,58213.0,52488.49
971,000885.SZ,20190328,8.86,9.1,8.76,8.89,8.87,0.02,0.2255,41926.0,37405.42
972,000885.SZ,20190327,8.89,8.92,8.7,8.87,8.83,0.04,0.453,35197.3,31062.135
973,000885.SZ,20190326,9.18,9.2,8.8,8.83,9.12,-0.29,-3.1798,58027.83,52102.992
974,000885.SZ,20190325,9.1,9.28,9.06,9.12,9.26,-0.14,-1.5119,51524.74,47260.551
975,000885.SZ,20190322,9.38,9.4,9.14,9.26,9.37,-0.11,-1.174,57455.6,53176.528
976,000885.SZ,20190321,9.29,9.78,9.28,9.37,9.32,0.05,0.5365,98620.88,93454.762
977,000885.SZ,20190320,9.09,9.33,9.05,9.32,9.12,0.2,2.193,78076.42,71617.221
978,000885.SZ,20190319,9.2,9.24,9.07,9.12,9.26,-0.14,-1.5119,76866.5,70206.918
979,000885.SZ,20190318,9.15,9.38,8.97,9.26,9.15,0.11,1.2022,134185.06,122485.84
980,000885.SZ,20190315,8.64,9.15,8.61,9.15,8.61,0.54,6.2718,138210.85,122681.037
981,000885.SZ,20190314,8.68,8.8,8.47,8.61,8.73,-0.12,-1.3746,89172.47,76990.29
982,000885.SZ,20190313,8.9,8.9,8.64,8.73,8.83,-0.1,-1.1325,88663.71,77615.3
983,000885.SZ,20190312,8.71,8.86,8.65,8.83,8.61,0.22,2.5552,108856.01,95793.814
984,000885.SZ,20190311,8.35,8.63,8.32,8.61,8.3,0.31,3.7349,74636.31,63387.837
985,000885.SZ,20190308,8.85,8.85,8.3,8.3,8.93,-0.63,-7.0549,96397.92,83246.78
986,000885.SZ,20190307,8.88,9.03,8.73,8.93,8.89,0.04,0.4499,119208.39,105427.475
987,000885.SZ,20190306,8.74,8.9,8.7,8.89,8.74,0.15,1.7162,123667.75,108769.591
988,000885.SZ,20190305,8.66,8.74,8.56,8.74,8.68,0.06,0.6912,84515.79,73063.908
989,000885.SZ,20190304,8.75,8.9,8.6,8.68,8.7,-0.02,-0.2299,141983.56,124306.739
990,000885.SZ,20190301,8.53,8.86,8.5,8.7,8.46,0.24,2.8369,112301.94,97594.473
991,000885.SZ,20190228,8.45,8.57,8.35,8.46,8.42,0.04,0.4751,37946.0,32077.159
992,000885.SZ,20190227,8.41,8.57,8.3,8.42,8.41,0.01,0.1189,72984.08,61498.677
993,000885.SZ,20190226,8.31,8.75,8.21,8.41,8.3,0.11,1.3253,98741.55,83632.979
994,000885.SZ,20190225,7.96,8.35,7.96,8.3,7.92,0.38,4.798,78062.48,63718.196
995,000885.SZ,20190222,7.82,7.93,7.81,7.92,7.84,0.08,1.0204,34425.36,27134.939
996,000885.SZ,20190221,7.96,8.02,7.81,7.84,7.98,-0.14,-1.7544,48165.86,38165.819
997,000885.SZ,20190220,7.82,8.06,7.77,7.98,7.8,0.18,2.3077,55076.68,43626.707
998,000885.SZ,20190219,7.91,7.96,7.71,7.8,7.91,-0.11,-1.3906,44828.63,35143.958
999,000885.SZ,20190218,7.79,7.92,7.74,7.91,7.73,0.18,2.3286,48790.38,38182.256
1000,000885.SZ,20190215,7.62,7.78,7.6,7.73,7.59,0.14,1.8445,48390.57,37377.926
1001,000885.SZ,20190214,7.62,7.66,7.55,7.59,7.59,0.0,0.0,26386.39,20047.582
1002,000885.SZ,20190213,7.53,7.62,7.51,7.59,7.52,0.07,0.9309,34571.02,26151.73
1003,000885.SZ,20190212,7.44,7.6,7.4,7.52,7.46,0.06,0.8043,32721.82,24589.728
1004,000885.SZ,20190211,7.13,7.47,7.13,7.46,7.12,0.34,4.7753,29582.59,21727.58
1005,000885.SZ,20190201,7.0,7.13,7.0,7.12,6.96,0.16,2.2989,15081.62,10688.897
1006,000885.SZ,20190131,7.04,7.14,6.93,6.96,7.04,-0.08,-1.1364,18861.0,13254.739
1007,000885.SZ,20190130,7.1,7.16,7.03,7.04,7.15,-0.11,-1.5385,16124.0,11425.822
1008,000885.SZ,20190129,7.27,7.31,7.01,7.15,7.28,-0.13,-1.7857,17539.66,12517.065
1009,000885.SZ,20190128,7.4,7.44,7.26,7.28,7.37,-0.09,-1.2212,16050.33,11824.074
1010,000885.SZ,20190125,7.47,7.48,7.36,7.37,7.46,-0.09,-1.2064,20270.34,15012.936
1011,000885.SZ,20190124,7.49,7.5,7.4,7.46,7.41,0.05,0.6748,16989.43,12665.203
1012,000885.SZ,20190123,7.39,7.46,7.35,7.41,7.4,0.01,0.1351,16522.43,12232.031
1013,000885.SZ,20190122,7.53,7.53,7.38,7.4,7.53,-0.13,-1.7264,20229.86,15058.128
1014,000885.SZ,20190121,7.54,7.58,7.49,7.53,7.54,-0.01,-0.1326,23284.44,17557.155
1015,000885.SZ,20190118,7.49,7.54,7.39,7.54,7.49,0.05,0.6676,25830.06,19299.565
1016,000885.SZ,20190117,7.61,7.64,7.45,7.49,7.63,-0.14,-1.8349,35283.07,26483.572
1017,000885.SZ,20190116,7.6,7.95,7.55,7.63,7.47,0.16,2.1419,67757.23,52521.147
1018,000885.SZ,20190115,7.31,7.47,7.31,7.47,7.35,0.12,1.6327,26860.48,19923.804
1019,000885.SZ,20190114,7.46,7.48,7.34,7.35,7.43,-0.08,-1.0767,18596.16,13755.73
1020,000885.SZ,20190111,7.31,7.44,7.3,7.43,7.36,0.07,0.9511,20913.41,15435.733
1021,000885.SZ,20190110,7.43,7.43,7.28,7.36,7.4,-0.04,-0.5405,18538.96,13645.356
1022,000885.SZ,20190109,7.36,7.5,7.28,7.4,7.4,0.0,0.0,34530.28,25655.301
1023,000885.SZ,20190108,7.39,7.5,7.29,7.4,7.35,0.05,0.6803,25609.89,18944.081
1024,000885.SZ,20190107,7.26,7.37,7.26,7.35,7.25,0.1,1.3793,19639.74,14400.534
1025,000885.SZ,20190104,6.95,7.32,6.91,7.25,7.04,0.21,2.983,33549.15,24013.866
1026,000885.SZ,20190103,7.15,7.2,7.0,7.04,7.11,-0.07,-0.9845,16985.48,12048.145
1027,000885.SZ,20190102,7.22,7.23,7.09,7.11,7.17,-0.06,-0.8368,15823.64,11294.211
